Sequence	Average_ProT	Average_HelT	Average_MGW	Average_Roll
seq1	-6.735625	34.6305882352941	4.800625	-1.62117647058824
seq2	-7.786875	34.6764705882353	4.78	-1.67235294117647
seq3	-9.4775	35.1111764705882	4.731875	-1.68235294117647
seq4	-6.7525	34.2164705882353	5.21375	-0.57
seq5	-5.53875	33.8711764705882	5.09875	-0.730588235294118
seq6	-7.78875	34.3858823529412	5.14	-0.0823529411764706
seq7	-5.71875	34.04	5.078125	-0.621764705882353
seq8	-6.796875	34.5023529411765	4.8525	-1.49705882352941
seq9	-6.513125	34.1394117647059	5.126875	-0.557647058823529
seq10	-8.07	34.74	4.878125	-1.29647058823529
seq11	-5.3175	34.1182352941176	5.13875	-0.672352941176471
seq12	-7.176875	34.3288235294118	4.88875	-1.19882352941176
seq13	-5.016875	34.1558823529412	4.93375	-1.41235294117647
seq14	-7.97375	34.4964705882353	5.146875	-0.605294117647059
seq15	-7.64625	34.75	4.68875	-2.09
seq16	-8.8975	35.0476470588235	4.745625	-1.59176470588235
seq17	-6.508125	34.1582352941176	5.200625	-0.335882352941176
seq18	-6.254375	34.1582352941176	5.110625	-0.53
seq19	-5.17625	34.3964705882353	4.894375	-1.27941176470588
seq20	-6.13625	34.2170588235294	4.843125	-1.64588235294118
seq21	-9.02625	35.1235294117647	4.6975	-1.53588235294118
seq22	-7.453125	34.7282352941176	5.13375	-0.310588235294118
seq23	-7.47375	34.1964705882353	5.01375	-1.09823529411765
seq24	-8.663125	34.6364705882353	4.953125	-0.845882352941176
seq25	-9.254375	34.7523529411765	4.813125	-1.59411764705882
seq26	-4.7175	33.9082352941176	5.06625	-1.14352941176471
seq27	-7.373125	34.4111764705882	4.876875	-1.33117647058824
seq28	-7.73125	34.4070588235294	4.949375	-1.27529411764706
seq29	-7.399375	34.4105882352941	4.915625	-1.43647058823529
seq30	-8.455	34.5964705882353	4.9575	-1.29294117647059
seq31	-9.413125	34.9441176470588	4.808125	-1.29823529411765
seq32	-6.94	34.4611764705882	4.87875	-1.64764705882353
seq33	-5.269375	34.2523529411765	4.911875	-1.39823529411765
seq34	-6.69	34.4917647058824	5.024375	-0.800588235294118
seq35	-9.046875	34.66	5.0325	-0.285294117647059
seq36	-4.433125	34.0741176470588	5.115	-0.844705882352941
seq37	-4.94375	33.9864705882353	5.083125	-0.9
seq38	-8.13375	34.5964705882353	4.8925	-1.00529411764706
seq39	-6.075625	34.0341176470588	5.169375	-0.765882352941176
seq40	-5.046875	34.1352941176471	5.068125	-0.838823529411765
seq41	-5.619375	34.0394117647059	5.28625	-0.0029411764705883
seq42	-5.923125	33.7717647058824	5.244375	-0.378823529411765
seq43	-4.706875	33.9217647058824	5.020625	-1.22647058823529
seq44	-8.22125	34.6476470588235	4.905625	-1.3
seq45	-4.819375	34.0182352941176	5.25125	-0.494117647058824
seq46	-6.2925	34.4929411764706	4.9825	-0.924705882352941
seq47	-7.010625	34.4841176470588	5.069375	-0.881176470588235
seq48	-6.2625	34.3294117647059	5.15125	-0.468235294117647
seq49	-6.095	34.3494117647059	5.13	-0.729411764705882
seq50	-6.975625	34.7423529411765	4.77625	-1.79705882352941
seq51	-5.996875	34.6223529411765	4.8775	-1.83235294117647
seq52	-6.54375	34.2588235294118	4.83875	-1.61882352941176
seq53	-7.791875	34.5564705882353	4.951875	-1.00058823529412
seq54	-6.37	34.4435294117647	5.19125	0.224705882352941
seq55	-7.240625	34.6223529411765	4.8175	-1.22941176470588
seq56	-4.725	34.1223529411765	5.059375	-0.902352941176471
seq57	-6.85125	34.2964705882353	5.19	-0.485882352941176
seq58	-6.443125	34.5058823529412	4.743125	-1.85117647058824
seq59	-6.63	34.3741176470588	5.25625	-0.0170588235294117
seq60	-6.810625	34.3205882352941	5.195	-0.666470588235294
seq61	-6.43125	34.5470588235294	5	-1.33470588235294
seq62	-9.02375	35.04	4.753125	-2.03117647058824
seq63	-9.55	35.6258823529412	4.463125	-2.82117647058824
seq64	-8.583125	34.8388235294118	4.7975	-1.44823529411765
seq65	-7.1975	34.6047058823529	4.79875	-1.84
seq66	-9.375	34.5735294117647	5.053125	-0.501176470588235
seq67	-6.280625	34.18	5.094375	-0.74
seq68	-7.13125	34.7458823529412	4.805	-2.01647058823529
seq69	-8.6525	34.6682352941177	4.811875	-1.35117647058824
seq70	-6.783125	34.5488235294118	4.9275	-1.32117647058824
seq71	-5.150625	34.2347058823529	5.06625	-0.751176470588235
seq72	-5.2275	34.2352941176471	4.91	-1.37294117647059
seq73	-5.040625	34.0270588235294	5.145625	-0.443529411764706
seq74	-6.96	34.2623529411765	5.140625	-0.0929411764705882
seq75	-4.58	33.7717647058824	5.148125	-0.854117647058824
seq76	-3.863125	33.9535294117647	5.235	-0.724117647058824
seq77	-6.66625	34.3170588235294	4.93375	-1.05352941176471
seq78	-7.321875	34.4770588235294	4.904375	-1.64294117647059
seq79	-5.960625	34.0388235294118	5.163125	-0.852352941176471
seq80	-5.97875	34.2129411764706	5.086875	-0.857647058823529
seq81	-4.04125	33.8635294117647	5.21	-0.367647058823529
seq82	-6.61625	34.3952941176471	4.833125	-1.25117647058824
seq83	-5.023125	34.1558823529412	5.21375	-0.37
seq84	-4.394375	33.9176470588235	5.0375	-1.13294117647059
seq85	-4.485625	33.8317647058823	5.130625	-1.08176470588235
seq86	-6.3675	34.3935294117647	5.03375	-1.11764705882353
seq87	-8.225	34.5152941176471	5.2325	-0.424705882352941
seq88	-7.060625	34.0070588235294	5.403125	0.638235294117647
seq89	-10.08125	35.2070588235294	4.605625	-1.90176470588235
seq90	-5.8125	34.4476470588235	4.975625	-1.35294117647059
seq91	-7.53	34.7617647058824	4.743125	-1.83588235294118
seq92	-9.46375	34.8982352941176	5.205625	0.132352941176471
seq93	-6.916875	34.8558823529412	4.855625	-1.25470588235294
seq94	-7.48625	34.5523529411765	5.1375	-0.875294117647059
seq95	-7.71	34.67	4.935	-1.31647058823529
seq96	-9.491875	35.0141176470588	4.865625	-1.49235294117647
seq97	-8.073125	34.6976470588235	4.760625	-1.85882352941176
seq98	-7.01625	34.0623529411765	5.105	-0.634705882352941
seq99	-9.81125	35.4505882352941	4.539375	-1.91882352941176
seq100	-4.936875	34.0558823529412	5.198125	-0.484117647058824
seq101	-7.50875	34.5752941176471	5.04625	-0.609411764705882
seq102	-4.965625	34.0747058823529	5.1025	-0.891176470588235
seq103	-4.723125	33.9258823529412	5.041875	-0.93
seq104	-5.89875	34.3370588235294	4.91875	-1.57294117647059
seq105	-7.02625	34.5688235294118	5.0875	-0.877058823529412
seq106	-5.75875	33.8617647058824	5.113125	-0.597058823529412
seq107	-9.060625	35.14	4.706875	-1.94882352941176
seq108	-6.353125	34.0341176470588	5.158125	-0.415882352941176
seq109	-7.225	34.46	4.9875	-1.09647058823529
seq110	-8.5825	34.7382352941177	4.874375	-1.34705882352941
seq111	-5.688125	34.0641176470588	5.186875	-0.696470588235294
seq112	-10.8225	35.2652941176471	4.77125	-1.38058823529412
seq113	-8.03375	34.3923529411765	5.1525	-0.311764705882353
seq114	-6.94375	34.1382352941176	4.994375	-1.18470588235294
seq115	-4.75375	34.0758823529412	4.7775	-2.09
seq116	-6.08125	34.4070588235294	4.925625	-1.26470588235294
seq117	-4.771875	34.3123529411765	5.028125	-1.17647058823529
seq118	-8.745	34.8852941176471	4.8575	-1.55588235294118
seq119	-7.9225	34.7964705882353	4.9425	-1.41176470588235
seq120	-4.68625	34.0247058823529	5.12	-1.00117647058824
seq121	-7.25625	34.4758823529412	5.098125	-1.05470588235294
seq122	-6.298125	34.4917647058824	5.150625	-0.964117647058824
seq123	-3.774375	33.8758823529412	4.9025	-1.73352941176471
seq124	-5.81	33.9029411764706	5.155	-0.361176470588235
seq125	-5.2525	34.1429411764706	5.03125	-1.12823529411765
seq126	-5.156875	34.0564705882353	5.11875	-0.815294117647059
seq127	-6.059375	34.1141176470588	5.111875	-0.947058823529412
seq128	-6.5525	34.5794117647059	4.87875	-1.62235294117647
seq129	-6.146875	34.2358823529412	5	-1.22647058823529
seq130	-6.368125	34.7552941176471	4.845	-1.94764705882353
seq131	-7.886875	34.4911764705882	5.206875	0.624117647058824
seq132	-4.879375	34.0405882352941	5.14125	-0.618235294117647
seq133	-8.385625	34.7582352941176	4.894375	-1.27705882352941
seq134	-3.9975	34.13	5.19625	-0.84
seq135	-6.1525	34.1705882352941	4.964375	-0.87
seq136	-7.331875	34.42	5.13625	-0.0188235294117648
seq137	-5.655	34.1682352941176	5.16375	-0.400588235294118
seq138	-9.48125	34.6423529411765	5.288125	0.26
seq139	-6.0175	34.3317647058823	4.91125	-1.22470588235294
seq140	-7.84875	34.6882352941176	4.8625	-1.25705882352941
seq141	-4.4475	34.0082352941176	5.01125	-0.912941176470588
seq142	-8.415	34.7605882352941	4.9075	-1.08764705882353
seq143	-5.293125	34.18	5.138125	-0.472352941176471
seq144	-6.4075	34.5152941176471	4.783125	-1.83352941176471
seq145	-8.215	34.4135294117647	5.07625	-0.391176470588235
seq146	-7.173125	34.6382352941176	4.701875	-2.03235294117647
seq147	-6.52375	34.2247058823529	5.065	-0.422941176470588
seq148	-5.928125	34.3741176470588	4.92125	-1.08470588235294
seq149	-7.795625	34.4388235294118	4.871875	-0.711176470588235
seq150	-5.859375	34.1417647058824	5.053125	-0.515294117647059
seq151	-6.215	34.0747058823529	4.97125	-0.852352941176471
seq152	-6.193125	34.3323529411765	5.2125	0.0258823529411765
seq153	-7.493125	34.4264705882353	4.968125	-0.437647058823529
seq154	-5.936875	34.2023529411765	5.02875	-0.474117647058824
seq155	-6.47125	34.2782352941176	4.963125	-1.27882352941176
seq156	-5.84	34.3494117647059	4.94	-1.34176470588235
seq157	-5.4025	34.0258823529412	5.265625	0.0923529411764706
seq158	-6.540625	34.4735294117647	5.225625	0.221176470588235
seq159	-8.195	34.4329411764706	5.048125	-0.362941176470588
seq160	-6.309375	34.2023529411765	4.973125	-0.873529411764706
seq161	-7.7725	34.4058823529412	4.873125	-1.33
seq162	-5.42625	33.9011764705882	5.1975	-0.495882352941176
seq163	-8.223125	34.4447058823529	5.188125	0.00588235294117648
seq164	-8.04125	34.4905882352941	5.053125	-0.981764705882353
seq165	-6.66	34.1	5.00875	-1.21647058823529
seq166	-5.910625	33.9588235294118	5.11625	-0.689411764705882
seq167	-6.0825	34.0394117647059	5.069375	-0.919411764705882
seq168	-5.970625	34.4576470588235	5.038125	-1.09941176470588
seq169	-4.9025	33.8688235294118	4.928125	-1.71294117647059
seq170	-7.04	34.6517647058823	4.999375	-0.954117647058823
seq171	-3.711875	33.9441176470588	4.96125	-1.51294117647059
seq172	-4.85875	34.1594117647059	5.155	-0.708823529411765
seq173	-8.526875	34.8258823529412	4.83125	-1.45941176470588
seq174	-4.186875	34.1417647058824	4.92625	-1.63764705882353
seq175	-6.216875	34.1376470588235	5.22125	-0.277647058823529
seq176	-7.18375	34.6494117647059	5.10375	-0.448235294117647
seq177	-7.60375	34.5829411764706	5.24375	-0.0170588235294117
seq178	-6.149375	34.4594117647059	4.874375	-1.62294117647059
seq179	-5.75625	34.6123529411765	4.966875	-1.34058823529412
seq180	-7.080625	34.5541176470588	5.15875	-0.322352941176471
seq181	-5.616875	34.3905882352941	4.92375	-1.36941176470588
seq182	-6.1575	34.5388235294118	5.128125	-0.794705882352941
seq183	-5.636875	34.4129411764706	4.975	-1.18882352941176
seq184	-8.11625	34.9117647058824	4.681875	-2.17176470588235
seq185	-8.016875	34.9005882352941	4.933125	-0.91
seq186	-3.68875	34.0747058823529	4.945	-1.52941176470588
seq187	-7.628125	34.6129411764706	5.005625	-1.03588235294118
seq188	-5.429375	34.0458823529412	5.090625	-0.843529411764706
seq189	-8.499375	34.6052941176471	4.99875	-0.84
seq190	-9.31625	34.9576470588235	4.94625	-0.881176470588235
seq191	-5.019375	34.2552941176471	5.0725	-0.887647058823529
seq192	-5.158125	34.2635294117647	5.188125	-0.750588235294118
seq193	-6.285625	34.3523529411765	5.093125	-0.852352941176471
seq194	-9.221875	35.1841176470588	4.6575	-1.90647058823529
seq195	-7.69	34.6670588235294	5.07875	-1.02823529411765
seq196	-7.5425	34.5635294117647	5.053125	-1.09588235294118
seq197	-5.51625	34.38	5.059375	-0.574705882352941
seq198	-4.909375	33.9970588235294	5.1125	-0.66
seq199	-4.990625	34.2829411764706	4.81625	-1.74117647058824
seq200	-5.965	34.3070588235294	4.955625	-1.14235294117647
seq201	-5.350625	34.3058823529412	4.94625	-1.56941176470588
seq202	-6.295625	34.3052941176471	5.18	-0.165294117647059
seq203	-5.52	34.0688235294118	5.24125	-0.516470588235294
seq204	-6.328125	34.2076470588235	5.11625	-0.500588235294118
seq205	-5.464375	34.1217647058824	5.1325	-0.512941176470588
seq206	-7.43	34.5676470588235	5.116875	-0.437058823529412
seq207	-5.336875	34.3770588235294	5.088125	-0.775882352941176
seq208	-4.425625	34.12	4.964375	-1.26941176470588
seq209	-7.83125	34.5147058823529	5.021875	-0.375882352941176
seq210	-5.383125	34.3458823529412	4.96375	-1.22
seq211	-5.988125	34.2029411764706	5.17375	-0.478235294117647
seq212	-9.269375	35.0523529411765	4.92125	-0.675294117647059
seq213	-5.011875	34.0558823529412	4.88	-1.47588235294118
seq214	-6.00375	34.2158823529412	5.093125	-0.846470588235294
seq215	-8.795625	34.9347058823529	4.83875	-1.32647058823529
seq216	-6.016875	34.2852941176471	5.133125	-0.702941176470588
seq217	-8.74625	35.1405882352941	4.859375	-1.38235294117647
seq218	-4.601875	34.1070588235294	5.11625	-0.981764705882353
seq219	-9.248125	34.6735294117647	4.840625	-1.29764705882353
seq220	-7.47375	34.6317647058824	4.885	-0.709411764705882
seq221	-6.26125	34.2288235294118	5.26375	0.0864705882352942
seq222	-6.428125	34.3970588235294	4.891875	-1.39411764705882
seq223	-9.089375	35.0605882352941	4.668125	-1.86588235294118
seq224	-4.9025	34	5.23	-0.196470588235294
seq225	-4.589375	33.9841176470588	5.146875	-0.531176470588235
seq226	-5.673125	34.2623529411765	5.051875	-0.941176470588235
seq227	-6.949375	34.2147058823529	5.046875	-0.594705882352941
seq228	-8.594375	34.9570588235294	4.75375	-1.58176470588235
seq229	-8.57875	34.4523529411765	4.79125	-1.73823529411765
seq230	-7.035	34.51	4.779375	-2.13941176470588
seq231	-3.96125	33.7952941176471	4.908125	-1.81529411764706
seq232	-5.338125	33.9794117647059	5.029375	-1.18294117647059
seq233	-6.09375	34.2882352941176	4.95375	-1.31470588235294
seq234	-6.62	34.2376470588235	4.925	-1.14470588235294
seq235	-5.75875	34.0717647058824	5.031875	-1.08588235294118
seq236	-6.805625	34.3747058823529	4.893125	-1.50294117647059
seq237	-6.38	34.2817647058824	4.93875	-1.17058823529412
seq238	-7.59375	34.5076470588235	4.938125	-1.02764705882353
seq239	-7.860625	35	4.64875	-2.15882352941176
seq240	-8.435625	34.44	5.08875	-0.681764705882353
seq241	-5.945	34.1688235294118	5.086875	-0.883529411764706
seq242	-7.014375	34.22	5.138125	-0.681176470588235
seq243	-7.01375	34.2564705882353	5.02	-1.21176470588235
seq244	-6.39375	34.3317647058823	5.03875	-1.01647058823529
seq245	-8.023125	34.7276470588235	4.926875	-1.10823529411765
seq246	-4.8275	33.9452941176471	4.913125	-1.59
seq247	-7.319375	34.3017647058824	5.1025	-0.738823529411765
seq248	-7.54625	34.5594117647059	4.96	-1.13352941176471
seq249	-5.411875	34.1835294117647	4.87125	-1.95941176470588
seq250	-6.02875	34.2770588235294	5.035	-0.987058823529412
seq251	-5.050625	33.9152941176471	5.296875	-0.0070588235294118
seq252	-5.44875	33.9747058823529	5.006875	-1.25764705882353
seq253	-5.73875	34.1017647058824	4.951875	-1.07117647058824
seq254	-4.425	33.9458823529412	4.92	-1.38588235294118
seq255	-6.075625	34.4247058823529	4.838125	-1.56117647058824
seq256	-7.249375	34.14	5.026875	-0.642941176470588
seq257	-7.434375	34.3117647058824	5.158125	-0.347647058823529
seq258	-6.78	34.5847058823529	4.865625	-1.45117647058824
seq259	-7.531875	34.4982352941176	5.123125	-0.469411764705882
seq260	-6.41625	34.2758823529412	5.328125	0.0335294117647059
seq261	-5.843125	34.0911764705882	4.870625	-1.13588235294118
seq262	-8.04625	34.6317647058824	4.758125	-1.81941176470588
seq263	-3.554375	34.0317647058824	4.990625	-1.46764705882353
seq264	-5.113125	34.0611764705882	4.95375	-1.62
seq265	-3.63375	33.8411764705882	5.118125	-0.956470588235294
seq266	-4.095625	33.8488235294118	4.936875	-1.57411764705882
seq267	-4.835	34.0452941176471	5.225	-0.317647058823529
seq268	-6.96125	34.2576470588235	5.196875	0.226470588235294
seq269	-5.67	34.1488235294118	5.0775	-0.968235294117647
seq270	-4.965	33.9429411764706	5.04625	-1.00647058823529
seq271	-4.51875	33.82	4.980625	-1.37176470588235
seq272	-5.014375	34.0276470588235	5.061875	-0.861176470588235
seq273	-5.74875	34.2676470588235	5.130625	-0.605294117647059
seq274	-4.896875	33.9541176470588	4.8675	-1.39764705882353
seq275	-7.123125	34.3476470588235	5.1	-0.188823529411765
seq276	-4.59375	33.8211764705882	5.234375	-0.411176470588235
seq277	-5.03375	34.0988235294118	5.10625	-0.788235294117647
seq278	-6.949375	34.3323529411765	5.000625	-1.14352941176471
seq279	-7.864375	34.2576470588235	4.995	-1.10235294117647
seq280	-5.16625	34.0064705882353	5.25125	-0.221764705882353
seq281	-6.500625	34.3158823529412	4.943125	-1.33117647058824
seq282	-5.70375	34.1147058823529	4.916875	-1.46235294117647
seq283	-5.11125	34.0641176470588	5.0775	-0.975882352941177
seq284	-7.755	34.2241176470588	5.181875	-0.248235294117647
seq285	-8.141875	34.2117647058824	5.225625	-0.279411764705882
seq286	-4.5125	34.0894117647059	4.938125	-1.86941176470588
seq287	-6.199375	34.3129411764706	4.925625	-1.73117647058824
seq288	-5.3575	34.2511764705882	5.173125	-0.365294117647059
seq289	-5.62125	34.31	4.99875	-1.24294117647059
seq290	-5.310625	34.3429411764706	4.83375	-1.78
seq291	-4.30375	34.0947058823529	4.96625	-1.63470588235294
seq292	-5.635	34.1705882352941	5.045625	-1.07705882352941
seq293	-4.1425	34.2094117647059	5.08375	-1.14058823529412
seq294	-6.37625	34.2947058823529	5.03	-0.81
seq295	-4.084375	33.87	5.20875	-0.666470588235294
seq296	-6.410625	34.4670588235294	5.0125	-0.748823529411765
seq297	-6.170625	34.0552941176471	5.128125	-0.684117647058823
seq298	-5.755	34.1335294117647	5.165625	-0.661764705882353
seq299	-4.703125	33.9476470588235	5.03125	-1.14294117647059
seq300	-6.37375	33.9564705882353	5.110625	-0.814117647058824
seq301	-6.995625	34.1135294117647	5.18125	-0.334117647058824
seq302	-5.6025	34.1976470588235	5.14625	-0.904117647058824
seq303	-4.87625	34.1223529411765	5.4075	0.143529411764706
seq304	-5.095625	34.1558823529412	5.14125	-0.975294117647059
seq305	-5.10125	34.3429411764706	5.016875	-1.17352941176471
seq306	-5.649375	34.2941176470588	5.150625	-1.01235294117647
seq307	-9.3725	34.6605882352941	5.184375	0.0394117647058823
seq308	-6.79375	34.0352941176471	5.14625	-0.392941176470588
seq309	-5.34875	34.1076470588235	5.02375	-1.11588235294118
seq310	-5.935625	34.0464705882353	5.280625	0.07
seq311	-6.35	34.2129411764706	5.231875	-0.138235294117647
seq312	-6.993125	34.5264705882353	4.88	-1.27411764705882
seq313	-5.815625	34.1605882352941	5.0625	-0.741764705882353
seq314	-4.7825	34.1741176470588	5.04625	-1.03235294117647
seq315	-4.440625	34.0176470588235	5.015	-1.14117647058824
seq316	-5.983125	34.3670588235294	4.8375	-1.57411764705882
seq317	-6.2375	34.2929411764706	5.203125	-0.338235294117647
seq318	-6.72875	34.2182352941176	5.271875	-0.107058823529412
seq319	-6.309375	34.3664705882353	5.285	0.222941176470588
seq320	-5.715	34.2082352941176	5.17375	-0.499411764705882
seq321	-4.9825	33.9382352941176	5.0075	-0.979411764705882
seq322	-3.791875	33.9247058823529	4.914375	-1.78529411764706
seq323	-5.148125	34.21	5.28625	-0.452941176470588
seq324	-4.91375	33.8970588235294	4.995625	-1.39882352941176
seq325	-5.288125	34.1129411764706	4.963125	-1.33352941176471
seq326	-8.550625	34.7370588235294	4.84125	-1.48882352941176
seq327	-4.644375	33.7011764705882	5.203125	-0.880588235294118
seq328	-4.596875	34.0152941176471	5.23375	-0.262941176470588
seq329	-3.171875	33.7747058823529	5.0875	-0.995294117647059
seq330	-6.50375	34.5052941176471	5.06625	-0.707058823529412
seq331	-6.995625	34.41	5.104375	-0.504705882352941
seq332	-5.32	34.2741176470588	4.979375	-1.14176470588235
seq333	-6.306875	34.3976470588235	4.91375	-1.08882352941176
seq334	-9.705	34.8994117647059	4.8525	-1.03058823529412
seq335	-5.385	34.19	5.026875	-0.910588235294118
seq336	-7.65375	34.8094117647059	4.846875	-1.06588235294118
seq337	-5.98375	34.3976470588235	4.88125	-1.42941176470588
seq338	-5.645	34.3947058823529	5.05125	-0.825294117647059
seq339	-6.0825	34.4158823529412	5.044375	-0.839411764705882
seq340	-7.914375	34.6158823529412	5.07375	-0.541764705882353
seq341	-6.766875	34.4594117647059	4.99625	-1.17058823529412
seq342	-5.533125	34.1576470588235	5.095625	-0.665882352941176
seq343	-4.4675	34.1270588235294	5.034375	-1.09882352941176
seq344	-7.169375	34.2388235294118	5.125	-0.349411764705882
seq345	-6.020625	34.0958823529412	5.2675	0.0264705882352941
seq346	-8.0175	34.7776470588235	5.1975	-0.171764705882353
seq347	-5.7475	34.0282352941176	5.131875	-0.608823529411765
seq348	-5.966875	34.4823529411765	5.1775	-0.412941176470588
seq349	-5.241875	34.0517647058824	5.185	-0.528235294117647
seq350	-7.524375	34.67	5.18875	-0.342941176470588
seq351	-6.485625	34.4547058823529	4.78875	-1.73352941176471
seq352	-5.1125	34.2682352941176	5.048125	-0.827058823529412
seq353	-7.5025	34.7376470588235	4.830625	-1.49588235294118
seq354	-7.410625	34.3935294117647	5.048125	-0.952941176470588
seq355	-5.469375	34.0541176470588	5.08875	-0.972941176470588
seq356	-6.65875	34.4129411764706	5.13625	-0.654705882352941
seq357	-5.96	34.2576470588235	5.041875	-1.16294117647059
seq358	-8.195	34.4411764705882	5.210625	0.108823529411765
seq359	-7.713125	34.8535294117647	4.886875	-1.52764705882353
seq360	-7.621875	34.85	4.75875	-1.86176470588235
seq361	-7.404375	34.7176470588235	4.8975	-1.33470588235294
seq362	-7.44	34.8052941176471	4.62125	-2.14705882352941
seq363	-6.3175	34.0435294117647	5.09875	-0.326470588235294
seq364	-5.939375	34.0911764705882	5.02625	-0.864117647058824
seq365	-6.709375	34.4952941176471	4.8175	-1.71529411764706
seq366	-5.6975	34.0394117647059	5.244375	-0.245882352941176
seq367	-5.66	34.2641176470588	5.025	-1.25764705882353
seq368	-6.375	34.1235294117647	5.1725	-0.347058823529412
seq369	-5.3525	34.0405882352941	5.115625	-0.744705882352941
seq370	-5.393125	34.0082352941176	5.19875	-0.368235294117647
seq371	-4.941875	33.9194117647059	5.08	-0.842941176470588
seq372	-5.69125	34.1452941176471	5.085	-0.609411764705882
seq373	-5.719375	33.9694117647059	4.988125	-1.07882352941176
seq374	-4.786875	34.1258823529412	5.098125	-0.672352941176471
seq375	-5.493125	33.9970588235294	4.9525	-1.14941176470588
seq376	-4.860625	34.0929411764706	5.306875	0.0441176470588235
seq377	-6.028125	34.2705882352941	4.84625	-1.72470588235294
seq378	-6.42875	34.4488235294118	5.068125	-0.855294117647059
seq379	-5.81125	34.4288235294118	4.844375	-1.83294117647059
seq380	-6.64125	34.4888235294118	5.23	-0.0194117647058823
seq381	-9.866875	35.4147058823529	4.565625	-2.22411764705882
seq382	-4.429375	33.8917647058824	5.048125	-1.18352941176471
seq383	-4.65125	34.1829411764706	5.15875	-0.637647058823529
seq384	-5.20875	34.2041176470588	5.2425	-0.378823529411765
seq385	-6.97625	34.4505882352941	5.17875	-0.269411764705882
seq386	-4.575	34.0482352941176	4.95625	-1.56823529411765
seq387	-6.130625	34.2047058823529	5.190625	-0.224705882352941
seq388	-7.061875	34.5023529411765	4.914375	-1.53058823529412
seq389	-5.71625	34.2147058823529	5.03125	-0.957058823529412
seq390	-6.08125	34.2041176470588	5.015	-1.11411764705882
seq391	-4.60375	33.9705882352941	5.245	-0.684117647058823
seq392	-8.0075	34.5717647058824	5.031875	-0.762352941176471
seq393	-3.990625	34.0047058823529	5.094375	-1.23529411764706
seq394	-4.051875	34.0135294117647	5.156875	-0.842941176470588
seq395	-5.6125	34.2952941176471	5.228125	-0.212941176470588
seq396	-4.064375	34.0635294117647	4.8925	-1.79588235294118
seq397	-8.3875	34.2694117647059	5.30875	0.128823529411765
seq398	-6.06125	34.3123529411765	5.203125	-0.453529411764706
seq399	-11.66625	35.37	4.875	-1.32117647058824
seq400	-8.834375	34.4711764705882	5.181875	0.504705882352941
seq401	-5.26875	34.2229411764706	4.920625	-1.43705882352941
seq402	-5.28625	34.0276470588235	5.170625	-0.617647058823529
seq403	-4.699375	34.0847058823529	5.2275	-0.357058823529412
seq404	-8.126875	34.4217647058824	5.18875	-0.139411764705882
seq405	-4.54125	34.1529411764706	5.123125	-0.705294117647059
seq406	-4.585625	34.1911764705882	5.08125	-0.885882352941177
seq407	-7.18375	34.2752941176471	5.2325	0.238823529411765
seq408	-6.144375	34.2864705882353	5.119375	-0.607058823529412
seq409	-9.031875	34.5335294117647	4.92875	-0.935294117647059
seq410	-5.616875	34.1141176470588	5.04875	-0.741764705882353
seq411	-9.615625	34.5194117647059	5.183125	-0.11
seq412	-7.275	34.4494117647059	5.0025	-0.963529411764706
seq413	-5.76375	34.2294117647059	5.198125	-0.368235294117647
seq414	-5.685625	34.36	5.088125	-0.979411764705882
seq415	-7.638125	34.9735294117647	4.568125	-2.39411764705882
seq416	-9.665	34.8876470588235	4.843125	-1.38705882352941
seq417	-8.061875	34.3588235294118	5.150625	-0.311764705882353
seq418	-4.913125	33.8717647058823	4.946875	-1.46705882352941
seq419	-6.791875	34.8941176470588	4.478125	-2.90588235294118
seq420	-8.796875	35.0217647058824	4.9025	-1.03352941176471
seq421	-8.135625	34.6617647058824	4.87	-1.24352941176471
seq422	-4.560625	33.9958823529412	4.868125	-1.51588235294118
seq423	-6.514375	34.1358823529412	4.95625	-1.01882352941176
seq424	-10.6975	35.5511764705882	4.5375	-2.02294117647059
seq425	-5.551875	34.0864705882353	4.965	-1.26176470588235
seq426	-4.701875	34.0282352941176	5.205625	-0.360588235294118
seq427	-6.34625	34.3176470588235	4.7875	-1.24176470588235
seq428	-4.824375	34.1147058823529	4.800625	-1.64411764705882
seq429	-6.95125	34.2752941176471	4.8975	-1.39176470588235
seq430	-6.13125	34.4705882352941	4.805625	-1.44470588235294
seq431	-6.550625	34.2664705882353	4.78375	-1.55588235294118
seq432	-6.604375	34.2411764705882	5.040625	-0.568235294117647
seq433	-7.79125	34.5323529411765	5.06	-0.718235294117647
seq434	-5.6675	34.1935294117647	5.121875	-0.59
seq435	-4.155	33.8688235294118	5.00625	-1.32529411764706
seq436	-4.413125	33.9917647058824	5.1725	-0.755882352941176
seq437	-3.155	33.8152941176471	5.09625	-1.04764705882353
seq438	-5.954375	34.25	4.975625	-0.983529411764706
seq439	-3.80625	33.7276470588235	5.065625	-1.05647058823529
seq440	-4.49375	34.0552941176471	4.9075	-1.57352941176471
seq441	-3.028125	33.71	5.095625	-1.12117647058824
seq442	-5.608125	34.2117647058824	5.209375	-0.469411764705882
seq443	-7.116875	34.3729411764706	4.900625	-1.07117647058824
seq444	-5.951875	33.9929411764706	5.023125	-1.14647058823529
seq445	-4.495	34.1135294117647	5.016875	-1.06588235294118
seq446	-7.00625	34.0805882352941	5.22625	-0.255882352941177
seq447	-7.081875	34.68	4.613125	-2.39411764705882
seq448	-5.60375	33.9376470588235	5.17375	-0.390588235294118
seq449	-5.365625	34.1994117647059	5.038125	-0.828235294117647
seq450	-8.289375	35.0094117647059	4.555625	-2.22823529411765
seq451	-5.66	34.2347058823529	4.930625	-1.13588235294118
seq452	-6.59625	34.2582352941176	5.11875	-0.620588235294118
seq453	-5.034375	34.2	5.415	0.685882352941176
seq454	-5.43	34.1976470588235	5.360625	0.566470588235294
seq455	-8.608125	34.6647058823529	5.13375	-0.355294117647059
seq456	-5.260625	34.1164705882353	5.248125	-0.327647058823529
seq457	-5.488125	34.2335294117647	4.911875	-1.38235294117647
seq458	-6.108125	34.2270588235294	5.0875	-0.67235294117647
seq459	-6.994375	34.2782352941176	5.055625	-0.504705882352941
seq460	-7.965625	34.4852941176471	5.0125	-0.0952941176470588
seq461	-7.540625	34.1029411764706	5.0825	-0.604705882352941
seq462	-6.8325	34.1058823529412	5.275625	0.115882352941176
seq463	-6.17	34.2264705882353	5.01125	-0.967058823529412
seq464	-5.43375	34.1017647058824	5.334375	-0.179411764705882
seq465	-4.86	33.8964705882353	5.14875	-0.741176470588235
seq466	-4.501875	33.9288235294118	5.285	-0.414117647058824
seq467	-5.984375	34.0235294117647	5.14	-0.442941176470588
seq468	-8.700625	34.5429411764706	4.98375	-1.08294117647059
seq469	-7.583125	34.4288235294118	4.97125	-1.14470588235294
seq470	-7.27	34.5394117647059	4.985	-1.03588235294118
seq471	-7.03125	34.6170588235294	4.6175	-2.40294117647059
seq472	-6.03875	34.2794117647059	5.1475	-0.604705882352941
seq473	-8.008125	34.6	4.925	-1.26941176470588
seq474	-7.79	34.6370588235294	4.9925	-1.20294117647059
seq475	-8.631875	34.7717647058824	4.75875	-1.74529411764706
seq476	-6.319375	34.3511764705882	4.778125	-1.65235294117647
seq477	-6.7125	34.4729411764706	4.711875	-1.92117647058824
seq478	-6.16375	34.2164705882353	5.041875	-0.995294117647059
seq479	-4.24375	34.1170588235294	5.191875	-0.632352941176471
seq480	-5.716875	34.1470588235294	5.134375	-0.719411764705882
seq481	-5.400625	34.0723529411765	5.041875	-1.12941176470588
seq482	-8.483125	34.7182352941176	4.973125	-0.844117647058824
seq483	-4.62625	33.8670588235294	5.048125	-1.04823529411765
seq484	-3.8125	33.9270588235294	4.856875	-1.86588235294118
seq485	-6.150625	34.11	5.235	-0.401176470588235
seq486	-6.8	34.2882352941176	5.049375	-1.01529411764706
seq487	-5.7625	34.5476470588235	4.829375	-1.93294117647059
seq488	-5.618125	34.2252941176471	5.1925	-0.547647058823529
seq489	-4.675625	34.3258823529412	4.956875	-1.49705882352941
seq490	-4.876875	33.8952941176471	5.281875	-0.221764705882353
seq491	-4.768125	34.1670588235294	5.004375	-1.16352941176471
seq492	-4.838125	33.8441176470588	5.204375	-0.694705882352941
seq493	-6.68375	34.5494117647059	4.81375	-1.58176470588235
seq494	-5.356875	34.1441176470588	5.28625	0.0858823529411765
seq495	-5.4275	34.2711764705882	5.305	-0.104705882352941
seq496	-5.885625	34.1570588235294	5.07625	-0.895294117647059
seq497	-6.133125	34.1264705882353	5.095625	-0.902941176470588
seq498	-5.5875	34.2217647058824	5.263125	-0.0211764705882352
seq499	-6.058125	34.2764705882353	5.03	-1.03647058823529
seq500	-4.31875	33.9994117647059	5.176875	-0.844117647058824
seq501	-5.51375	34.1588235294118	5.21875	-0.594705882352941
seq502	-7.6025	34.6011764705882	5.060625	-0.751764705882353
seq503	-7.929375	34.5488235294118	5.013125	-0.983529411764706
seq504	-6.440625	34.3288235294118	4.843125	-1.70529411764706
seq505	-5.96875	34.2882352941176	4.878125	-1.48294117647059
seq506	-3.3975	33.9317647058824	5.0225	-1.23470588235294
seq507	-7.24875	34.7129411764706	4.97625	-1.05411764705882
seq508	-5.874375	34.1188235294118	5.1375	-0.648823529411765
seq509	-5.815	34.4788235294118	4.954375	-1.32941176470588
seq510	-4.769375	34.0105882352941	5.145	-1.07647058823529
seq511	-4.556875	34.0382352941176	5.135	-0.797647058823529
seq512	-7.040625	34.5217647058824	4.93125	-1.15058823529412
seq513	-4.8925	34.2264705882353	4.891875	-1.83058823529412
seq514	-5.5775	34.2664705882353	5.17625	-0.157647058823529
seq515	-5.1075	34.2370588235294	4.981875	-1.25352941176471
seq516	-7.791875	34.6811764705882	4.959375	-0.843529411764706
seq517	-6.82	34.5094117647059	5.0825	-0.666470588235294
seq518	-7.815625	34.3623529411765	5.146875	-0.644705882352941
seq519	-9.011875	34.9947058823529	4.715625	-1.93352941176471
seq520	-4.28125	34.0188235294118	5.134375	-0.777647058823529
seq521	-5.730625	34.2005882352941	5.30875	-0.32
seq522	-5.86875	33.9517647058824	5.383125	-0.0370588235294118
seq523	-8.486875	34.8829411764706	4.845625	-1.39941176470588
seq524	-8.59875	34.5252941176471	5.019375	-0.724117647058824
seq525	-8.264375	34.7182352941176	5.203125	-0.374705882352941
seq526	-4.14625	33.9223529411765	5.105625	-0.867058823529412
seq527	-6.284375	34.2164705882353	5.123125	-0.675882352941176
seq528	-6.774375	34.17	5.185625	-0.424117647058824
seq529	-8.351875	34.5276470588235	5.2375	-0.0505882352941176
seq530	-5.92125	34.15	5.229375	-0.355294117647059
seq531	-5.49125	34.0735294117647	5.03375	-1.12529411764706
seq532	-6.26625	34.2782352941176	5.151875	-0.577647058823529
seq533	-5.823125	34.3388235294118	4.98125	-1.22176470588235
seq534	-10.153125	34.9047058823529	4.88375	-0.795294117647059
seq535	-5.361875	34.2	5.048125	-0.772941176470588
seq536	-6.060625	34.2082352941176	4.95625	-1.13058823529412
seq537	-4.004375	33.8747058823529	5.024375	-1.10294117647059
seq538	-5.833125	34.2717647058824	5.154375	-0.431764705882353
seq539	-7.8475	35.0164705882353	4.680625	-2.06411764705882
seq540	-6.04375	34.4635294117647	4.799375	-1.75764705882353
seq541	-4.60125	33.9005882352941	5.071875	-1.04588235294118
seq542	-6.075	33.8135294117647	5.245	-0.253529411764706
seq543	-6.616875	34.2729411764706	5.103125	-0.881176470588235
seq544	-6.1025	34.4852941176471	4.669375	-1.89529411764706
seq545	-4.666875	34.1470588235294	5.185	-0.628823529411765
seq546	-5.17625	34.1582352941176	5.3575	0.100588235294118
seq547	-7.86625	34.5758823529412	4.819375	-1.11235294117647
seq548	-5.831875	34.5805882352941	4.871875	-1.45176470588235
seq549	-6.4225	34.6	4.99125	-1.21529411764706
seq550	-7.3575	34.6894117647059	4.891875	-1.25294117647059
seq551	-5.218125	34.3129411764706	5.075625	-0.844117647058824
seq552	-5.805	34.3029411764706	4.981875	-0.721764705882353
seq553	-3.945	34.0447058823529	5.14875	-0.659411764705882
seq554	-6.254375	34.2017647058824	5.16375	-0.298235294117647
seq555	-5.3625	34.2188235294118	5.033125	-0.965294117647059
seq556	-4.195625	33.9170588235294	5.018125	-0.965882352941177
seq557	-7.97625	34.7205882352941	4.97625	-0.679411764705882
seq558	-6.35125	34.3952941176471	5.025625	-1.02235294117647
seq559	-4.769375	34.1882352941176	5.239375	-0.346470588235294
seq560	-5.775625	34.3411764705882	4.83125	-1.2
seq561	-7.45125	34.3052941176471	5.195625	-0.105882352941176
seq562	-5.370625	34.2482352941176	5.16625	-0.395294117647059
seq563	-8.21	34.8464705882353	5.11375	-0.174705882352941
seq564	-8.639375	34.9358823529412	4.890625	-1.38882352941176
seq565	-6.80875	34.4894117647059	5.03	-0.812941176470588
seq566	-5.378125	34.1594117647059	5.175625	-0.341176470588235
seq567	-5.933125	34.2070588235294	4.980625	-1.05647058823529
seq568	-5.024375	34.1870588235294	5.024375	-1.29294117647059
seq569	-6.95375	34.5564705882353	5.05125	-1.18588235294118
seq570	-7.44125	34.2923529411765	5.170625	-0.691764705882353
seq571	-8.575625	34.6858823529412	5.154375	-0.698823529411765
seq572	-5.67875	34.3952941176471	5.101875	-1.08235294117647
seq573	-6.33	34.5629411764706	5.1125	-0.770588235294118
seq574	-8.038125	34.7323529411765	5.00125	-0.893529411764706
seq575	-9.0675	34.9505882352941	4.7625	-1.70529411764706
seq576	-6.549375	34.75	4.735625	-1.98470588235294
seq577	-6.55875	34.4611764705882	4.73875	-1.70882352941176
seq578	-7.618125	34.9088235294118	4.686875	-1.84882352941176
seq579	-6.166875	34.2858823529412	5.10375	-0.405294117647059
seq580	-6.744375	34.13	5.19875	-0.162352941176471
seq581	-5.0375	34.0664705882353	4.986875	-1.32764705882353
seq582	-6.93875	34.3617647058824	4.91	-1.15294117647059
seq583	-7.47625	34.16	5.040625	-0.761176470588235
seq584	-4.993125	34.2417647058824	5.046875	-1.24941176470588
seq585	-3.66875	33.8370588235294	4.959375	-1.46941176470588
seq586	-5.264375	34.22	5.040625	-0.998823529411765
seq587	-7.546875	34.7	4.610625	-2.42647058823529
seq588	-4.860625	34.0182352941176	5.00125	-1.11647058823529
seq589	-7.1675	34.5011764705882	4.933125	-1.37
seq590	-4.47875	34.0523529411765	5.10625	-0.750588235294118
seq591	-5.643125	34.2847058823529	5.091875	-1.05529411764706
seq592	-7.22375	34.5670588235294	5.00625	-0.9
seq593	-8.49625	34.6529411764706	5.039375	-0.698823529411765
seq594	-4.82875	34.3335294117647	4.810625	-1.79294117647059
seq595	-6.96	34.2752941176471	5.19375	-0.110588235294118
seq596	-5.65	34.1941176470588	5.07125	-0.838235294117647
seq597	-5.4875	34.2988235294118	4.99875	-1.09941176470588
seq598	-3.751875	33.9788235294118	5.05125	-1.01529411764706
seq599	-4.55625	34.1758823529412	5.413125	0.559411764705882
seq600	-5.629375	34.1841176470588	5.093125	-0.774117647058824
seq601	-6.466875	34.0929411764706	5.098125	-0.594117647058824
seq602	-4.873125	33.9711764705882	5.23375	-0.648235294117647
seq603	-5.516875	34.1111764705882	5.03875	-0.897058823529412
seq604	-5.849375	34.3588235294118	5.311875	0.545882352941176
seq605	-5.52125	33.7488235294118	5.070625	-0.862941176470588
seq606	-7.4525	34.3170588235294	4.945625	-1.06764705882353
seq607	-7.459375	34.5229411764706	4.9875	-0.900588235294118
seq608	-4.623125	33.7452941176471	5.249375	-0.274117647058823
seq609	-7.685	34.5570588235294	4.800625	-1.54352941176471
seq610	-7.87625	34.6876470588235	4.9175	-1.44117647058824
seq611	-7.064375	34.3976470588235	5.013125	-0.942941176470588
seq612	-5.975	34.1176470588235	5.08375	-0.795882352941176
seq613	-8.0325	34.5594117647059	5.025625	-0.710588235294118
seq614	-4.276875	33.8617647058824	5.063125	-1.11705882352941
seq615	-6.5875	34.4670588235294	4.96125	-1.46294117647059
seq616	-6.035625	34.6164705882353	4.881875	-1.33117647058824
seq617	-5.87	34.4105882352941	4.98875	-0.998823529411765
seq618	-6.289375	34.6788235294118	4.984375	-1.04823529411765
seq619	-4.18875	34.1188235294118	5.164375	-0.912352941176471
seq620	-6.400625	34.3052941176471	5.185625	-0.400588235294118
seq621	-5.285625	34.2605882352941	5.15625	-0.418823529411765
seq622	-4.73	34.0558823529412	5.135	-0.782352941176471
seq623	-6.1575	34.6747058823529	4.79375	-1.92176470588235
seq624	-5.271875	34.1505882352941	4.8775	-1.54176470588235
seq625	-5.12125	34.1447058823529	5.000625	-1.31764705882353
seq626	-3.94875	34.0835294117647	5.159375	-0.754117647058824
seq627	-5.3475	34.3670588235294	4.980625	-1.28705882352941
seq628	-6.31625	34.4458823529412	4.9375	-1.35235294117647
seq629	-5.081875	34.2776470588235	4.753125	-1.98
seq630	-4.01875	33.9752941176471	5.055625	-1.10058823529412
seq631	-6.684375	34.6111764705882	4.750625	-2.04647058823529
seq632	-5.91875	34.2064705882353	5.0775	-0.657058823529412
seq633	-5.400625	34.3070588235294	4.98375	-1.60588235294118
seq634	-5.319375	34.2047058823529	4.99	-1.13529411764706
seq635	-5.63	34.3058823529412	5.01	-0.974117647058824
seq636	-5.738125	34.4329411764706	4.905	-1.41705882352941
seq637	-7.336875	34.7705882352941	4.76875	-1.34294117647059
seq638	-5.19625	34.2964705882353	4.8725	-1.57705882352941
seq639	-4.924375	33.8658823529412	5.0925	-1.00294117647059
seq640	-7.003125	34.5117647058824	4.946875	-1.01294117647059
seq641	-6.47875	34.7247058823529	4.7475	-2.00352941176471
seq642	-6.64875	34.4911764705882	4.875	-1.15588235294118
seq643	-6.829375	34.5382352941176	5.15375	-0.281764705882353
seq644	-4.829375	34.1058823529412	5.34375	0.184117647058823
seq645	-5.40125	34.2394117647059	5.075625	-0.571764705882353
seq646	-5.103125	34.3670588235294	5.003125	-1.11882352941176
seq647	-7.713125	34.6811764705882	5.261875	-0.0464705882352941
seq648	-5.743125	34.4394117647059	5.0325	-0.945294117647059
seq649	-3.885625	33.9747058823529	4.926875	-1.49764705882353
seq650	-6.61875	34.5011764705882	4.8525	-1.36117647058824
seq651	-4.7475	34.2235294117647	5.313125	0.0729411764705883
seq652	-4.690625	34.3141176470588	5.185	-0.442352941176471
seq653	-6.215625	34.1917647058824	5.1275	-0.482941176470588
seq654	-7.23	34.3523529411765	5.1075	-0.631176470588235
seq655	-6.4675	34.4770588235294	4.915	-1.14176470588235
seq656	-7.483125	34.5558823529412	5.159375	-0.53
seq657	-6.24	34.1717647058824	5.285625	0.162941176470588
seq658	-8.814375	34.8094117647059	4.938125	-1.14411764705882
seq659	-5.31125	34.1894117647059	5.061875	-0.666470588235294
seq660	-7.1	34.2876470588235	5.174375	-0.560588235294118
seq661	-7.03625	34.0388235294118	5.194375	0.212941176470588
seq662	-4.761875	33.9235294117647	5.24625	-0.510588235294118
seq663	-5.101875	33.8923529411765	5.151875	-0.598235294117647
seq664	-6.071875	34.2576470588235	5.113125	-0.744117647058824
seq665	-8.109375	34.6088235294118	4.903125	-0.906470588235294
seq666	-8.859375	34.4952941176471	5.05	-0.405294117647059
seq667	-4.758125	33.9388235294118	4.873125	-1.60470588235294
seq668	-4.04125	33.9541176470588	4.935	-1.46705882352941
seq669	-6.714375	34.4641176470588	4.909375	-1.32823529411765
seq670	-7.723125	34.5264705882353	5.03375	-1.01588235294118
seq671	-5.61375	34.0058823529412	4.94875	-1.37529411764706
seq672	-5.654375	33.7741176470588	5.140625	-0.898823529411765
seq673	-7.23625	34.0988235294118	5.0725	-0.875882352941177
seq674	-4.978125	34.0847058823529	4.95625	-1.42470588235294
seq675	-3.0125	33.8094117647059	5.033125	-1.47588235294118
seq676	-8.016875	34.6541176470588	4.856875	-1.19764705882353
seq677	-4.8475	34.0723529411765	5.2	-0.661764705882353
seq678	-7.538125	34.5423529411765	5.009375	-0.984117647058823
seq679	-5.43125	34.1029411764706	5.174375	-0.312352941176471
seq680	-3.849375	33.8241176470588	4.87375	-1.66705882352941
seq681	-5.035	34.1429411764706	5.068125	-1.09058823529412
seq682	-7.4525	34.7152941176471	4.684375	-2.14470588235294
seq683	-4.47125	33.74	5.115	-0.813529411764706
seq684	-5.3675	34.3423529411765	4.8175	-1.90294117647059
seq685	-4.525625	34.0305882352941	5.015625	-0.819411764705882
seq686	-4.259375	33.9135294117647	5.1275	-0.831764705882353
seq687	-5.8725	33.9811764705882	5.26	-0.0970588235294118
seq688	-4.195625	33.9270588235294	5.046875	-1.31352941176471
seq689	-6.435625	34.0841176470588	5.26625	-0.56
seq690	-8.731875	34.5682352941176	4.9475	-1.08117647058824
seq691	-7.1725	34.0770588235294	5.141875	-0.0823529411764706
seq692	-5.57625	34.1041176470588	5.08375	-0.672941176470588
seq693	-7.3225	34.39	4.980625	-0.322352941176471
seq694	-5.785625	34.1258823529412	5.050625	-0.477647058823529
seq695	-5.19	34.1735294117647	5.228125	-0.488235294117647
seq696	-9.018125	34.7652941176471	4.816875	-1.09352941176471
seq697	-8.326875	34.2294117647059	5.09	-0.0176470588235294
seq698	-5.816875	34.0923529411765	4.918125	-1.12647058823529
seq699	-6.379375	34.3482352941177	4.7625	-1.64117647058824
seq700	-7.260625	34.2317647058824	4.918125	-1.13117647058824
seq701	-7.180625	34.2752941176471	5.0225	-0.692941176470588
seq702	-8.095625	34.5082352941176	5.19	-0.351764705882353
seq703	-6.3775	34.2705882352941	4.74125	-1.69235294117647
seq704	-5.768125	34.22	5.188125	-0.598235294117647
seq705	-3.954375	33.8188235294118	5.138125	-0.884117647058824
seq706	-4.438125	33.9717647058824	5.04875	-1.18352941176471
seq707	-4.324375	33.6976470588235	4.965625	-1.50882352941176
seq708	-8.651875	34.8970588235294	4.815625	-1.71588235294118
seq709	-5.833125	34.2076470588235	4.896875	-1.38823529411765
seq710	-4.2725	33.8335294117647	5.091875	-1.01058823529412
seq711	-6.0875	34.3305882352941	4.856875	-1.61235294117647
seq712	-4.571875	33.89	5.181875	-0.792352941176471
seq713	-6.455	34.0429411764706	5.119375	-0.515882352941176
seq714	-9.09875	34.9011764705882	4.83125	-1.42529411764706
seq715	-4.071875	34.0676470588235	5.3225	-0.573529411764706
seq716	-6.76375	34.2005882352941	5.110625	-0.408823529411765
seq717	-6.3925	34.1976470588235	5.051875	-0.568235294117647
seq718	-4.305	33.9911764705882	4.850625	-1.52235294117647
seq719	-5.51375	34.1511764705882	5.25125	-0.0923529411764706
seq720	-6.71375	34.2529411764706	5.084375	-0.588823529411765
seq721	-4.040625	33.9852941176471	5.064375	-1.01764705882353
seq722	-6.55	34.23	5.145625	-0.318823529411765
seq723	-4.520625	33.7870588235294	5.18875	-0.815882352941177
seq724	-6.485	34.0282352941176	5.0925	-0.665882352941176
seq725	-4.69875	33.75	5.074375	-0.891764705882353
seq726	-4.9425	34.0111764705882	4.82125	-1.95705882352941
seq727	-6.518125	34.1564705882353	5.024375	-0.820588235294118
seq728	-6.86375	34.1829411764706	5.15125	-0.437647058823529
seq729	-5.415625	34.0052941176471	5.09125	-1.17235294117647
seq730	-6.55625	34.26	5.155	-0.861176470588235
seq731	-6.36875	34.3788235294118	4.869375	-1.73764705882353
seq732	-5.006875	34.06	4.99625	-1.39058823529412
seq733	-6.41625	34.2605882352941	5.07	-0.708823529411765
seq734	-6.33	34.1823529411765	5.0675	-0.778823529411765
seq735	-8.144375	34.3717647058824	5.233125	0.00588235294117648
seq736	-6.326875	34.6411764705882	4.8225	-1.53235294117647
seq737	-7.430625	34.3576470588235	4.8975	-1.28882352941176
seq738	-5.430625	34.3105882352941	4.953125	-1.29117647058824
seq739	-4.15125	34.16	5.19375	-0.527647058823529
seq740	-5.845625	34.2805882352941	5.14375	-0.354117647058824
seq741	-5.974375	34.3376470588235	5.094375	-0.444705882352941
seq742	-5.699375	34.2217647058824	5.2875	-0.280588235294118
seq743	-4.695625	33.8752941176471	5.179375	-0.899411764705882
seq744	-6.03875	34.3094117647059	4.941875	-1.10117647058824
seq745	-4.695625	34.1182352941176	4.970625	-1.35117647058824
seq746	-7.75375	34.5917647058824	5.166875	-0.644705882352941
seq747	-5.05625	34.2564705882353	5.1875	-0.661764705882353
seq748	-5.14625	33.9594117647059	5.00625	-1.15352941176471
seq749	-6.624375	34.3976470588235	5.255	-0.172941176470588
seq750	-4.691875	33.8611764705882	5.07875	-1.11411764705882
seq751	-7.750625	34.7535294117647	4.960625	-1.32588235294118
seq752	-5.871875	34.13	5.185	-0.502941176470588
seq753	-5.861875	34.4688235294118	4.9125	-1.25117647058824
seq754	-4.82375	34.1111764705882	5.1125	-0.845294117647059
seq755	-6.436875	34.1894117647059	4.993125	-0.666470588235294
seq756	-6.075	34.3305882352941	4.97625	-1.04058823529412
seq757	-5.319375	34.2835294117647	5.14125	-0.827058823529412
seq758	-5.311875	33.9470588235294	5.064375	-0.897058823529412
seq759	-7.073125	34.6641176470588	4.64875	-2.07352941176471
seq760	-7.255	34.0423529411765	5.260625	-0.168235294117647
seq761	-6.44625	34.3505882352941	5.12875	-0.5
seq762	-5.970625	34.0011764705882	5.265	-0.241764705882353
seq763	-4.91625	34.0641176470588	5.238125	-0.586470588235294
seq764	-3.68625	34.0117647058823	4.961875	-1.23176470588235
seq765	-6.954375	34.2629411764706	5.17375	-0.156470588235294
seq766	-4.828125	34.0223529411765	4.916875	-1.67882352941176
seq767	-5.16375	34.0170588235294	5.135	-0.358823529411765
seq768	-5.04875	34.03	5.1075	-0.789411764705882
seq769	-5.39375	34.2311764705882	5.294375	0.0458823529411765
seq770	-5.676875	34.4252941176471	4.840625	-1.66764705882353
seq771	-5.105625	34.1111764705882	5.191875	-0.369411764705882
seq772	-4.70875	34.1552941176471	5.05625	-0.874117647058824
seq773	-4.55	34.17	5.195	-0.487058823529412
seq774	-5.70375	34.25	4.9225	-1.20058823529412
seq775	-5.384375	34.2123529411765	5.03875	-0.923529411764706
seq776	-4.780625	33.8552941176471	5.059375	-1.00882352941176
seq777	-5.4375	34.0805882352941	5.0025	-1.17882352941176
seq778	-7.54	34.5094117647059	4.97625	-0.859411764705882
seq779	-6.0525	34.3682352941176	5.233125	0.0129411764705882
seq780	-6.551875	34.2870588235294	5.0725	-1.00058823529412
seq781	-9.87375	34.9735294117647	5.049375	-0.404705882352941
seq782	-5.04125	34.0717647058824	5.253125	-0.499411764705882
seq783	-6.29375	34.4258823529412	5.044375	-1.06235294117647
seq784	-7.62375	34.5911764705882	5.098125	-0.857058823529412
seq785	-9.54	34.9470588235294	4.989375	-1.09294117647059
seq786	-6.304375	34.8017647058824	4.889375	-1.80941176470588
seq787	-9.039375	35.1117647058824	4.90875	-1.30588235294118
seq788	-6.089375	34.08	4.875	-1.69235294117647
seq789	-5.281875	34.0994117647059	5.0875	-1.10588235294118
seq790	-8.00375	34.5223529411765	4.965	-1.07647058823529
seq791	-8.784375	34.7064705882353	4.97875	-0.495294117647059
seq792	-6.149375	34.4205882352941	5.115	-0.641764705882353
seq793	-6.1425	34.3794117647059	4.8775	-1.25764705882353
seq794	-6.848125	34.3741176470588	5.155625	-0.41
seq795	-5.815625	34.1658823529412	4.980625	-1.32588235294118
seq796	-7.588125	34.8076470588235	4.67125	-1.96411764705882
seq797	-8.663125	34.9135294117647	4.7775	-1.43294117647059
seq798	-7.00625	34.4258823529412	5.05625	-0.708823529411765
seq799	-6.328125	34.4541176470588	4.75125	-2.03294117647059
seq800	-6.031875	34.2517647058824	5.000625	-1.09588235294118
seq801	-6.633125	34.4694117647059	4.72	-2.05
seq802	-7.21125	34.7076470588235	4.935	-1.24764705882353
seq803	-5.19625	34.0482352941176	5.05875	-0.822941176470588
seq804	-5.4375	34.2917647058824	5.103125	-0.795882352941176
seq805	-4.71625	34.0376470588235	4.95125	-1.29294117647059
seq806	-3.52375	33.9417647058824	4.935	-1.60058823529412
seq807	-5.6825	34.2552941176471	5.104375	-0.809411764705882
seq808	-6.704375	34.2488235294118	4.955625	-1.35294117647059
seq809	-5.813125	34.0229411764706	4.965625	-1.24647058823529
seq810	-7.69	34.2576470588235	5.37	0.0394117647058823
seq811	-5.216875	34.0558823529412	4.808125	-2.07176470588235
seq812	-5.835625	34.1288235294118	5.33875	-0.00882352941176471
seq813	-4.971875	33.9488235294118	5.059375	-1.01647058823529
seq814	-6.30625	34.2588235294118	4.98125	-1.09235294117647
seq815	-6.738125	34.6064705882353	4.795625	-1.68470588235294
seq816	-7.02625	34.4994117647059	4.835625	-1.43058823529412
seq817	-6.31	34.6441176470588	4.9625	-1.24470588235294
seq818	-7.084375	34.3288235294118	5.160625	-0.497647058823529
seq819	-5.18125	33.8588235294118	5.088125	-0.790588235294118
seq820	-5.94625	34.3388235294118	5.035625	-0.734705882352941
seq821	-7.705	34.6347058823529	4.841875	-1.33235294117647
seq822	-7.9	34.4241176470588	5.213125	0.0688235294117647
seq823	-6.76625	34.2211764705882	5.035625	-0.821176470588235
seq824	-5.33	34.0852941176471	5.12625	-0.814705882352941
seq825	-6.37625	34.1858823529412	5.13875	-0.812941176470588
seq826	-5.745	34.3035294117647	5.00875	-0.825294117647059
seq827	-6.84625	34.34	5.199375	-0.462352941176471
seq828	-5.07375	33.9376470588235	5.02375	-1.04529411764706
seq829	-5.054375	33.7347058823529	5.113125	-0.791176470588235
seq830	-5.51375	33.9941176470588	5.079375	-0.828235294117647
seq831	-6.1225	34.3441176470588	4.7825	-1.69647058823529
seq832	-7.184375	34.3023529411765	5.136875	-0.338823529411765
seq833	-5.926875	34.2729411764706	5.191875	-0.248235294117647
seq834	-6.164375	34.3982352941176	5.15	-0.537647058823529
seq835	-4.03	33.8052941176471	5.13875	-1.11588235294118
seq836	-5.59375	34.2494117647059	5.0275	-1.09882352941176
seq837	-7.371875	34.4288235294118	4.995625	-0.935882352941176
seq838	-7.03875	34.6282352941176	4.839375	-1.64823529411765
seq839	-6.905	34.7147058823529	4.931875	-1.49176470588235
seq840	-6.911875	34.3752941176471	5.0025	-0.847647058823529
seq841	-6.49625	34.5294117647059	4.864375	-1.42705882352941
seq842	-5.321875	33.7594117647059	5.024375	-0.760588235294118
seq843	-5.19375	33.9747058823529	5.050625	-1.28588235294118
seq844	-6.489375	33.9158823529412	5.07625	-1.04294117647059
seq845	-4.79625	33.9188235294118	5.125	-0.896470588235294
seq846	-5.48875	33.9835294117647	5.084375	-0.738235294117647
seq847	-8.448125	34.5364705882353	5.10375	-0.503529411764706
seq848	-7.700625	34.5994117647059	4.91125	-1.45529411764706
seq849	-7.050625	34.4717647058824	4.904375	-1.45294117647059
seq850	-7.81875	34.5717647058824	5.15	-0.367058823529412
seq851	-6.1325	34.3	4.891875	-1.43176470588235
seq852	-7.216875	34.6147058823529	4.9225	-1.06411764705882
seq853	-8.59625	34.3905882352941	5.058125	-0.656470588235294
seq854	-5.3125	34.0870588235294	5.166875	-0.342352941176471
seq855	-6.870625	34.3141176470588	4.888125	-1.68823529411765
seq856	-8.155	34.7052941176471	5.064375	-0.691176470588235
seq857	-6.2825	34.3017647058823	5.079375	-0.813529411764706
seq858	-3.651875	33.9158823529412	5.193125	-0.826470588235294
seq859	-6.56	34.1664705882353	4.983125	-1.19705882352941
seq860	-3.978125	34.1064705882353	4.905	-1.66823529411765
seq861	-5.60125	34.1982352941176	5.109375	-0.857058823529412
seq862	-6.260625	34.2894117647059	4.834375	-1.82294117647059
seq863	-4.03875	34.1358823529412	4.929375	-1.49529411764706
seq864	-5.58	34.1652941176471	5.02125	-1.05
seq865	-3.66875	34.0017647058824	5.033125	-1.16588235294118
seq866	-5.3375	34.1147058823529	5.21	-0.294705882352941
seq867	-4.55875	33.8994117647059	5.17875	-0.813529411764706
seq868	-5.510625	34.0723529411765	5.169375	-0.815294117647059
seq869	-6.568125	34.3670588235294	5.330625	-0.228823529411765
seq870	-7.209375	34.4594117647059	5.151875	-0.618823529411765
seq871	-5.611875	34.2676470588235	5.10375	-0.842941176470588
seq872	-7.259375	34.7023529411765	4.660625	-1.95470588235294
seq873	-7.699375	34.6252941176471	5.10125	-0.388235294117647
seq874	-6.374375	34.23	5.120625	-0.297058823529412
seq875	-5.664375	34.1835294117647	5.07125	-0.779411764705882
seq876	-6.30875	34.3170588235294	5.050625	-0.878235294117647
seq877	-6.601875	34.2117647058824	5.1675	-0.217647058823529
seq878	-5.82125	34.2152941176471	4.950625	-1.38529411764706
seq879	-5.761875	34.1041176470588	5.323125	0.0558823529411764
seq880	-5.26875	34.3741176470588	5.16875	-0.511764705882353
seq881	-5.908125	34.3511764705882	5.0775	-0.663529411764706
seq882	-5.179375	34.0629411764706	5.098125	-0.751176470588235
seq883	-7.4925	34.1835294117647	5.24125	0.0758823529411764
seq884	-5.81125	34.2070588235294	5.175625	-0.297058823529412
seq885	-8.953125	35.1958823529412	4.675	-1.69470588235294
seq886	-5.68	34.08	5.3175	-0.0370588235294118
seq887	-6.43	34.0564705882353	5.193125	-0.414117647058823
seq888	-7.771875	34.4888235294118	5.169375	-0.249411764705882
seq889	-6.10125	34.0835294117647	5.033125	-1.18117647058824
seq890	-7.714375	34.4394117647059	5.25625	-0.0570588235294117
seq891	-7.8925	34.7605882352941	5.05375	-0.815882352941176
seq892	-6.044375	34.3952941176471	4.92875	-1.40058823529412
seq893	-5.938125	34.2447058823529	5.128125	-0.916470588235294
seq894	-8.05125	34.4558823529412	4.94875	-1.24058823529412
seq895	-7.255	34.6929411764706	4.891875	-1.11882352941176
seq896	-6.6075	34.4488235294118	4.95625	-1.15
seq897	-5.07875	33.8611764705882	5.148125	-0.708823529411765
seq898	-4.88125	34.1494117647059	4.92375	-1.55058823529412
seq899	-5.688125	34.3394117647059	4.745625	-2.06529411764706
seq900	-6.911875	34.4723529411765	5.026875	-1.13588235294118
seq901	-6.83125	33.9858823529412	5.115625	-1.10764705882353
seq902	-5.87375	34.2223529411765	4.91125	-1.70882352941176
seq903	-9.32375	35.0317647058824	4.78125	-1.80588235294118
seq904	-9.925625	35.2676470588235	4.665625	-1.78058823529412
seq905	-6.085625	34.0011764705882	5.125625	-0.254705882352941
seq906	-6.38125	34.2805882352941	4.964375	-1.01823529411765
seq907	-7.065625	34.6158823529412	4.8125	-1.36352941176471
seq908	-5.964375	34.2688235294118	5.2	-0.02
seq909	-6.121875	33.9341176470588	5.004375	-0.858823529411765
seq910	-7.61875	34.8941176470588	4.876875	-0.811176470588235
seq911	-6.730625	34.3629411764706	4.945625	-1.18882352941176
seq912	-6.678125	33.9052941176471	5.094375	-0.071764705882353
seq913	-8.6125	34.5876470588235	5.059375	-0.482941176470588
seq914	-7.19875	34.3547058823529	5.12875	-0.113529411764706
seq915	-4.773125	33.9370588235294	5.06375	-0.656470588235294
seq916	-6.794375	34.1835294117647	5.233125	0.063529411764706
seq917	-5.17125	33.9770588235294	4.991875	-1.15529411764706
seq918	-4.543125	33.6370588235294	5.035	-1.12882352941176
seq919	-6.32	34.0582352941177	4.9675	-1.02117647058824
seq920	-5.625	34.2594117647059	4.88875	-1.29941176470588
seq921	-7.229375	34.4523529411765	5.089375	-0.634117647058824
seq922	-5.226875	34.0329411764706	5.274375	-0.208823529411765
seq923	-5.03375	33.7658823529412	5.21625	-0.377058823529412
seq924	-5.943125	34.1888235294118	4.976875	-1.20647058823529
seq925	-5.97875	34.3941176470588	4.89875	-1.41470588235294
seq926	-4.746875	33.9476470588235	4.964375	-1.55941176470588
seq927	-7.78625	34.5205882352941	4.918125	-1.37294117647059
seq928	-5.934375	34.0641176470588	5.14125	-0.45
seq929	-8.149375	34.4976470588235	5.17875	-0.113529411764706
seq930	-7.29375	34.3323529411765	5.165	-0.317647058823529
seq931	-5.846875	34.2958823529412	4.950625	-1.07705882352941
seq932	-7.80875	34.4952941176471	5.086875	-0.275294117647059
seq933	-6.003125	34.3311764705882	4.93375	-1.35823529411765
seq934	-5.214375	33.7482352941176	5.11125	-0.81
seq935	-6.235625	34.0782352941176	5.16125	-0.804705882352941
seq936	-4.08625	33.9411764705882	5.116875	-0.643529411764706
seq937	-8.64375	34.6735294117647	4.93	-1.12
seq938	-6.568125	34.0623529411765	5.234375	-0.298235294117647
seq939	-6.2075	34.3158823529412	4.864375	-1.28058823529412
seq940	-6.56	34.2394117647059	5.24875	-0.387058823529412
seq941	-7.8725	34.0911764705882	5.275625	-0.145294117647059
seq942	-8.265	34.5105882352941	5.01875	-0.824705882352941
seq943	-8.28	34.4194117647059	5.199375	-0.0558823529411764
seq944	-10.145625	35.4923529411765	4.471875	-2.62352941176471
seq945	-6.935	34.3347058823529	5.090625	-0.547647058823529
seq946	-5.26	34.0058823529412	4.989375	-1.27705882352941
seq947	-5.535625	34.4811764705882	4.7825	-1.92470588235294
seq948	-8.55875	34.4582352941176	4.916875	-1.28352941176471
seq949	-5.359375	34.2858823529412	5.406875	0.185294117647059
seq950	-7.475	34.4064705882353	5.043125	-0.823529411764706
seq951	-4.06875	33.93	5.1625	-0.955294117647059
seq952	-6.486875	34.2276470588235	4.910625	-1.48882352941176
seq953	-4.535625	33.9782352941176	5.015625	-1.32470588235294
seq954	-5.79375	34.3741176470588	5.266875	-0.351764705882353
seq955	-5.194375	34.2617647058824	5.386875	-0.0211764705882353
seq956	-6.71125	34.2947058823529	5.14375	-0.291764705882353
seq957	-7.13	34.4676470588235	4.973125	-1.27352941176471
seq958	-10.3425	35.5541176470588	4.538125	-2.08176470588235
seq959	-5.91625	34.2917647058824	5.069375	-0.773529411764706
seq960	-5.0525	34.0858823529412	5.06125	-1.16
seq961	-6.58625	34.4023529411765	5.048125	-0.667058823529412
seq962	-6.86125	34.3794117647059	5.1275	-0.448823529411765
seq963	-6.796875	34.6170588235294	5.045	-0.93
seq964	-5.321875	34.2388235294118	5.15625	-0.86
seq965	-4.38375	33.9229411764706	4.841875	-1.86235294117647
seq966	-6.3025	34.3158823529412	5.120625	-0.472352941176471
seq967	-4.71625	34.1670588235294	5.210625	-0.590588235294118
seq968	-6.333125	34.2694117647059	5.349375	0.214117647058824
seq969	-7.325625	34.4658823529412	4.945625	-1.42470588235294
seq970	-7.426875	34.6047058823529	5.001875	-0.925294117647059
seq971	-4.46125	34.1141176470588	5.275	-0.267058823529412
seq972	-7.9025	34.5311764705882	5.0875	-0.441764705882353
seq973	-7.73625	34.5452941176471	5.178125	-0.438823529411765
seq974	-7.66875	34.67	4.8875	-0.888235294117647
seq975	-7.978125	34.3023529411765	5.315625	0.688235294117647
seq976	-5.28875	34.1276470588235	5.171875	-0.358823529411765
seq977	-7.49375	34.6576470588235	4.973125	-1.34058823529412
seq978	-6.9275	34.5570588235294	4.9625	-0.937058823529412
seq979	-5.930625	34.4094117647059	4.873125	-1.37235294117647
seq980	-6.43	34.4888235294118	5.1025	-0.576470588235294
seq981	-5.32875	34.0147058823529	5.00625	-0.611764705882353
seq982	-6.976875	34.4135294117647	5.229375	-0.151176470588235
seq983	-6.404375	34.3088235294118	5.064375	-0.821764705882353
seq984	-6.396875	34.2829411764706	5.0875	-0.650588235294118
seq985	-7.35125	34.3523529411765	5.20375	-0.149411764705882
seq986	-8.140625	34.5535294117647	5.156875	-0.504705882352941
seq987	-6.46625	34.4588235294118	4.99	-1.13
seq988	-5.46625	34.0464705882353	5.2825	-0.396470588235294
seq989	-6.18125	34.5782352941176	5.108125	-0.948235294117647
seq990	-4.77125	34.1076470588235	5.1325	-0.981176470588235
seq991	-7.013125	34.4141176470588	4.890625	-1.20764705882353
seq992	-6.0575	34.0652941176471	5.119375	-0.682941176470588
seq993	-8.444375	34.6735294117647	4.91125	-1.00705882352941
seq994	-6.00125	34.0647058823529	5.069375	-0.944705882352941
seq995	-8.045	34.2264705882353	5.0675	-0.704117647058824
seq996	-5.79625	34.1311764705882	5.165625	-0.484117647058823
seq997	-6.779375	34.29	5.068125	-0.928823529411765
seq998	-5.075625	34.12	4.94125	-1.46235294117647
seq999	-5.329375	34.1611764705882	5.016875	-0.992941176470588
seq1000	-4.098125	33.9052941176471	5.145625	-0.768823529411765
seq1001	-9.261875	35.0623529411765	4.821875	-0.702941176470588
seq1002	-7.309375	34.9558823529412	4.76875	-1.53647058823529
seq1003	-6.23625	34.2517647058824	5.2125	0.0794117647058824
seq1004	-8.313125	34.9505882352941	4.764375	-1.40176470588235
seq1005	-6.0525	34.45	5.2325	-0.308823529411765
seq1006	-8.325	34.9005882352941	4.930625	-1.42647058823529
seq1007	-7.5125	35.0405882352941	4.811875	-2.05764705882353
seq1008	-8.720625	34.5188235294118	4.9975	-0.472352941176471
seq1009	-7.775	34.4805882352941	4.878125	-1.46058823529412
seq1010	-6.843125	34.1117647058824	4.956875	-1.14647058823529
seq1011	-5.89125	34.1088235294118	5.15875	-0.510588235294118
seq1012	-6.7575	34.3658823529412	5.11	-0.571176470588235
seq1013	-6.18625	34.2711764705882	5.4225	0.394705882352941
seq1014	-4.905625	34.1411764705882	4.974375	-1.24941176470588
seq1015	-6.399375	34.1858823529412	5.0575	-0.812941176470588
seq1016	-6.423125	34.4647058823529	4.7125	-1.68470588235294
seq1017	-6.741875	34.6505882352941	4.7175	-2.00882352941176
seq1018	-6.191875	34.0835294117647	5.398125	0.213529411764706
seq1019	-8.555	34.7941176470588	4.8675	-1.33529411764706
seq1020	-5.375	34.1752941176471	5.133125	-0.74
seq1021	-3.79875	33.9288235294118	5.06375	-1.26117647058824
seq1022	-5.60875	34.1511764705882	4.79875	-1.81352941176471
seq1023	-4.691875	33.8247058823529	4.988125	-1.26588235294118
seq1024	-5.715	34.2358823529412	4.848125	-1.93235294117647
seq1025	-5.88375	33.9764705882353	5.1725	-0.645294117647059
seq1026	-8.38625	34.7564705882353	4.68125	-1.88
seq1027	-5.796875	34.25	5.005625	-1.16
seq1028	-6.8225	34.3235294117647	4.965625	-1.20647058823529
seq1029	-5.701875	34.0335294117647	5.065	-0.914705882352941
seq1030	-5.90625	34.1141176470588	5.1275	-0.733529411764706
seq1031	-6.9925	34.2405882352941	4.959375	-1.17411764705882
seq1032	-7.393125	34.54	4.915	-1.39941176470588
seq1033	-9.9875	35.2523529411765	4.573125	-1.97352941176471
seq1034	-7.770625	34.4705882352941	5.129375	-0.304705882352941
seq1035	-6.30625	34.3447058823529	5.066875	-0.832352941176471
seq1036	-8.851875	34.7417647058824	5.013125	-1.17941176470588
seq1037	-8.46125	34.5841176470588	4.90125	-0.730588235294118
seq1038	-7.15125	34.4558823529412	4.85125	-0.958823529411765
seq1039	-8.413125	35.0252941176471	4.5675	-2.08058823529412
seq1040	-4.8525	33.8594117647059	4.969375	-1.25647058823529
seq1041	-7.560625	34.3782352941176	4.910625	-1.28705882352941
seq1042	-7.305625	34.2788235294118	5.27	0.0194117647058824
seq1043	-6.11125	34.28	4.923125	-1.29882352941176
seq1044	-8.250625	34.9035294117647	4.759375	-1.44882352941176
seq1045	-6.77625	34.3823529411765	4.915	-1.35470588235294
seq1046	-8.848125	34.6905882352941	5.073125	-0.368823529411765
seq1047	-5.416875	34.0511764705882	5.1525	-0.873529411764706
seq1048	-5.38625	34.1382352941176	5.103125	-0.884117647058824
seq1049	-6.00125	34.2541176470588	4.98	-1.13529411764706
seq1050	-7.068125	34.3994117647059	5.0275	-0.921176470588235
seq1051	-3.355625	33.6776470588235	4.954375	-1.43882352941176
seq1052	-6.91125	34.4641176470588	4.76875	-2.09235294117647
seq1053	-8.559375	35.0305882352941	4.614375	-2.42529411764706
seq1054	-5.6975	34.3482352941176	4.865	-1.30529411764706
seq1055	-4.169375	33.7211764705882	5.14625	-0.766470588235294
seq1056	-7.598125	34.2435294117647	5.085625	-0.511764705882353
seq1057	-4.035625	33.8741176470588	5.184375	-0.507058823529412
seq1058	-6.1	34.3376470588235	4.79125	-1.56117647058824
seq1059	-7.326875	34.4411764705882	5.068125	-0.451176470588235
seq1060	-4.665	34.1435294117647	5.08875	-0.81
seq1061	-7.763125	34.4941176470588	5.12125	-0.222352941176471
seq1062	-4.13625	34.0058823529412	5.16375	-0.664705882352941
seq1063	-5.2125	33.7970588235294	5.438125	0.601764705882353
seq1064	-4.6175	34.1041176470588	4.961875	-1.23941176470588
seq1065	-4.221875	34.0376470588235	5.175	-0.26
seq1066	-6.37375	33.9270588235294	5.15625	-0.508235294117647
seq1067	-5.589375	34.0929411764706	5.090625	-0.963529411764706
seq1068	-5.44875	33.9088235294118	5.30625	-0.249411764705882
seq1069	-5.9375	34.2211764705882	4.873125	-1.40705882352941
seq1070	-5.934375	33.9347058823529	5.24375	-0.555294117647059
seq1071	-5.8525	34.12	5.14	-0.887058823529412
seq1072	-4.266875	34.0482352941176	5.043125	-1.20058823529412
seq1073	-4.746875	33.9335294117647	4.915625	-1.58588235294118
seq1074	-6.04625	33.9535294117647	5.229375	-0.489411764705882
seq1075	-6.415	34.1647058823529	5.17875	-0.358235294117647
seq1076	-6.8175	34.4082352941176	4.74125	-1.76470588235294
seq1077	-8.430625	34.7252941176471	4.90875	-1.08529411764706
seq1078	-8.814375	34.5182352941176	5.106875	-0.678235294117647
seq1079	-7.53625	34.3335294117647	5.115625	-0.771176470588235
seq1080	-6.591875	34.2005882352941	5.125625	-0.356470588235294
seq1081	-5.0075	34.0564705882353	5.076875	-0.51
seq1082	-6.6725	34.1958823529412	5.264375	-0.237647058823529
seq1083	-6.813125	34.5941176470588	4.864375	-1.19529411764706
seq1084	-5.4125	34.1588235294118	5.05625	-1.10705882352941
seq1085	-6.895	34.4058823529412	5.2275	-0.407647058823529
seq1086	-6.160625	34.5441176470588	4.94875	-1.46823529411765
seq1087	-6.486875	34.3305882352941	5.076875	-0.434117647058824
seq1088	-7.75	34.2270588235294	5.185625	-0.217647058823529
seq1089	-9.034375	35	4.885625	-1.23235294117647
seq1090	-7.409375	34.3582352941176	5.060625	-0.71
seq1091	-6.92375	34.4247058823529	4.99125	-1.07529411764706
seq1092	-5.700625	34.3017647058824	5.089375	-0.604117647058824
seq1093	-4.5075	33.9205882352941	4.98375	-1.11882352941176
seq1094	-6.986875	34.4017647058824	5.09875	-0.622352941176471
seq1095	-7.23375	34.6958823529412	5.091875	-0.813529411764706
seq1096	-6.824375	34.3941176470588	4.988125	-0.89
seq1097	-6.33	34.4211764705882	5.120625	-0.648823529411765
seq1098	-6.225	34.3058823529412	5.08875	-0.391176470588235
seq1099	-6.41125	34.3935294117647	5.045	-0.540588235294118
seq1100	-5.38375	34.3047058823529	5.01875	-0.803529411764706
seq1101	-5.255	34.0782352941176	5.1725	-0.407058823529412
seq1102	-7.795625	34.6858823529412	5.0025	-0.585882352941176
seq1103	-4.873125	34.0929411764706	5.14125	-0.456470588235294
seq1104	-5.8725	34.4194117647059	5.131875	-0.526470588235294
seq1105	-6.615	34.6688235294118	4.843125	-1.65941176470588
seq1106	-6.87375	34.6752941176471	5.05125	-0.637647058823529
seq1107	-8.561875	34.9670588235294	4.835625	-1.24235294117647
seq1108	-7.476875	34.4117647058824	5.1475	-0.362352941176471
seq1109	-4.879375	34.0982352941176	5.22875	-0.572352941176471
seq1110	-6.605625	34.26	5.17875	-0.361764705882353
seq1111	-7.2475	34.21	5.10625	-0.377058823529412
seq1112	-6.834375	34.22	5.081875	-0.455882352941176
seq1113	-10.820625	35.7894117647059	4.254375	-3.16588235294118
seq1114	-5.49375	34.2958823529412	5.1075	-0.720588235294118
seq1115	-6.805625	34.4382352941176	5.106875	-0.272941176470588
seq1116	-5.73	34.1947058823529	5.03375	-0.949411764705882
seq1117	-6.390625	34.4388235294118	5.0375	-0.785882352941176
seq1118	-6.151875	34.3717647058824	4.775	-1.83117647058824
seq1119	-5.31625	34.1535294117647	4.9575	-1.04117647058824
seq1120	-9.19875	35.0617647058824	4.75	-1.81411764705882
seq1121	-7.526875	34.6311764705882	5.055625	-0.935294117647059
seq1122	-5.28	34.2511764705882	4.926875	-1.48823529411765
seq1123	-4.6975	34.2217647058824	5.07375	-1.14352941176471
seq1124	-5.174375	34.1023529411765	4.953125	-1.31
seq1125	-8.17625	34.7064705882353	5.071875	-0.602352941176471
seq1126	-7.80625	34.8129411764706	4.900625	-1.40117647058824
seq1127	-8.60875	34.8323529411765	4.97125	-1.05764705882353
seq1128	-7.219375	34.3664705882353	5.13375	-0.671176470588235
seq1129	-6.66625	34.4088235294118	4.85875	-1.41588235294118
seq1130	-4.76625	34.0476470588235	5.0175	-0.979411764705882
seq1131	-7.685	34.7288235294118	4.94875	-0.836470588235294
seq1132	-4.3125	34.0652941176471	5.02	-1.31352941176471
seq1133	-7.925625	34.4564705882353	5.19625	-0.248823529411765
seq1134	-5.80125	34.1517647058824	5.043125	-1.20176470588235
seq1135	-6.976875	34.1135294117647	5.225625	-0.434705882352941
seq1136	-6.91125	34.5864705882353	4.739375	-1.92294117647059
seq1137	-8.563125	34.5582352941177	4.844375	-1.36470588235294
seq1138	-6.655	34.0305882352941	5.211875	-0.330588235294118
seq1139	-5.326875	34.1229411764706	5.175625	-0.575882352941176
seq1140	-5.316875	34.1094117647059	5.070625	-0.913529411764706
seq1141	-9.92625	34.7788235294118	5.010625	-0.82
seq1142	-6.97625	34.2911764705882	5.065	-0.805882352941176
seq1143	-10.40125	35.1241176470588	4.85	-0.916470588235294
seq1144	-6.448125	34.2941176470588	4.960625	-0.995882352941176
seq1145	-6.489375	34.0411764705882	4.99	-0.931764705882353
seq1146	-4.809375	33.8476470588235	5.02625	-1.09529411764706
seq1147	-6.3775	34.1011764705882	4.975	-1.20529411764706
seq1148	-7.268125	34.4311764705882	4.858125	-1.56470588235294
seq1149	-6.17625	34.2723529411765	5.05	-1.10294117647059
seq1150	-5.11625	34.1564705882353	5.1975	-0.554705882352941
seq1151	-5.063125	34.1305882352941	5.1775	-0.282941176470588
seq1152	-5.750625	34.1835294117647	4.91125	-1.54882352941176
seq1153	-8.78875	34.6794117647059	4.69625	-1.85235294117647
seq1154	-7.76125	34.6958823529412	4.898125	-1.41352941176471
seq1155	-3.32125	33.8464705882353	4.915	-1.91411764705882
seq1156	-7.335625	34.4505882352941	4.766875	-1.90294117647059
seq1157	-5.133125	34.0752941176471	5.295625	-0.357647058823529
seq1158	-4.116875	33.8282352941176	5.2125	-0.728823529411765
seq1159	-4.49125	33.8594117647059	5.028125	-1.33529411764706
seq1160	-5.513125	34.0052941176471	5.271875	-0.125882352941176
seq1161	-4.81	34.0188235294118	5.138125	-0.865294117647059
seq1162	-6.941875	34.0888235294118	5.178125	-0.346470588235294
seq1163	-6.62	34.3941176470588	4.991875	-1.06882352941176
seq1164	-5.459375	34.0811764705882	5.32	-0.238823529411765
seq1165	-4.9975	33.9705882352941	5.000625	-1.38823529411765
seq1166	-6.280625	34.5223529411765	5.03875	-1.24647058823529
seq1167	-8.14625	35.2323529411765	4.451875	-2.72705882352941
seq1168	-6.119375	34.3870588235294	5.03375	-0.790588235294118
seq1169	-6.466875	34.43	4.916875	-1.13764705882353
seq1170	-4.36125	34.2358823529412	5.0025	-1.42058823529412
seq1171	-5.635625	34.2035294117647	4.9825	-1.23411764705882
seq1172	-6.643125	34.7276470588235	4.60625	-2.40647058823529
seq1173	-8.79625	35.1129411764706	4.634375	-1.73764705882353
seq1174	-8.343125	34.6776470588235	4.975	-1.04176470588235
seq1175	-9.674375	35.1517647058823	4.8175	-1.25411764705882
seq1176	-5.875625	34.1352941176471	4.956875	-1.09235294117647
seq1177	-5.93875	34.1376470588235	5.045	-0.942352941176471
seq1178	-8.06	34.8523529411765	4.74	-1.72058823529412
seq1179	-5.23625	34.0394117647059	5.136875	-1.02823529411765
seq1180	-5.056875	34.0294117647059	4.925625	-1.43058823529412
seq1181	-6.14125	34.4676470588235	4.81	-1.65235294117647
seq1182	-5.57375	34.1247058823529	5.1475	-0.651764705882353
seq1183	-3.254375	34.0176470588235	5.04125	-1.06058823529412
seq1184	-6.03125	34.19	5.141875	-0.8
seq1185	-7.70625	34.7958823529412	4.97125	-1.28
seq1186	-8.85	34.3476470588235	5.078125	-0.482352941176471
seq1187	-6.3875	34.3305882352941	5.0925	-0.980588235294118
seq1188	-5.51875	34.3229411764706	5.068125	-0.932941176470588
seq1189	-5.75625	34.1535294117647	5.404375	0.00882352941176474
seq1190	-6.018125	34.43	5.170625	-0.704117647058824
seq1191	-7.41125	34.3164705882353	5.16625	-0.302941176470588
seq1192	-8.37625	35.0276470588235	4.63625	-1.68588235294118
seq1193	-4.5	33.9705882352941	5.158125	-0.667058823529412
seq1194	-6.02875	34.2741176470588	4.9025	-1.17
seq1195	-5.27875	33.9288235294118	5.10125	-0.831764705882353
seq1196	-6.976875	34.42	5.05375	-0.640588235294118
seq1197	-4.646875	34.18	5.1175	-0.344117647058823
seq1198	-4.565	33.9652941176471	5.136875	-0.895882352941176
seq1199	-6.635	34.2705882352941	5.13625	-0.842941176470588
seq1200	-7.7025	34.7105882352941	4.896875	-1.50529411764706
seq1201	-6.310625	34.3964705882353	5.06	-0.838235294117647
seq1202	-3.865625	33.8982352941176	5.15	-0.938235294117647
seq1203	-7.846875	34.5511764705882	4.900625	-1.20941176470588
seq1204	-5.729375	34.2411764705882	5.00875	-0.544117647058824
seq1205	-8.03625	34.7441176470588	4.77	-1.70529411764706
seq1206	-8.148125	34.7752941176471	5.13875	-0.31
seq1207	-5.96375	34.2247058823529	5.08125	-0.94
seq1208	-9.734375	35.0923529411765	4.901875	-0.733529411764706
seq1209	-5.886875	34.18	5.261875	-0.387058823529412
seq1210	-8.316875	34.8335294117647	4.8325	-1.58823529411765
seq1211	-6.75	34.5429411764706	4.855625	-1.33764705882353
seq1212	-8.265	34.8482352941177	4.971875	-1.22764705882353
seq1213	-8.566875	35.14	4.699375	-1.79
seq1214	-5.816875	34.0194117647059	5.064375	-0.855294117647059
seq1215	-5.799375	33.8794117647059	5.209375	-0.494705882352941
seq1216	-5.49875	34.1176470588235	5.059375	-1.04764705882353
seq1217	-6.230625	33.9023529411765	5.15	-0.660588235294118
seq1218	-7.165625	34.2858823529412	5.129375	-0.690588235294118
seq1219	-6.905625	34.1717647058824	5.246875	-0.404705882352941
seq1220	-7.54875	34.6470588235294	4.825625	-1.72823529411765
seq1221	-8.4975	35.1247058823529	4.4275	-2.66705882352941
seq1222	-8.4925	34.5341176470588	5.0175	-0.257058823529412
seq1223	-7.120625	34.1276470588235	5.05625	-0.55
seq1224	-8.179375	34.8905882352941	4.654375	-1.58117647058824
seq1225	-8.7875	34.7576470588235	4.9225	-1.00411764705882
seq1226	-5.643125	34.1205882352941	5.21375	-0.203529411764706
seq1227	-6.893125	34.1523529411765	5.2225	0.0494117647058823
seq1228	-7.776875	34.6029411764706	4.92375	-0.663529411764706
seq1229	-7.23375	34.2452941176471	5.14125	-0.307647058823529
seq1230	-8.696875	34.4164705882353	5.07	-0.352941176470588
seq1231	-8.066875	34.3958823529412	4.925	-0.935294117647059
seq1232	-6.975	34.5741176470588	4.795	-1.93176470588235
seq1233	-8.165625	34.6029411764706	4.906875	-0.931176470588235
seq1234	-4.924375	33.9488235294118	5	-1.34411764705882
seq1235	-6.53375	34.1558823529412	5.071875	-1.11117647058824
seq1236	-4.815625	33.9552941176471	5.18125	-0.283529411764706
seq1237	-5.259375	34.1476470588235	5.018125	-1.13764705882353
seq1238	-4.9225	34.0335294117647	4.885	-1.79235294117647
seq1239	-6.3825	34.0841176470588	5.163125	-0.234117647058824
seq1240	-6.274375	34.2641176470588	5.051875	-1.06705882352941
seq1241	-6.8025	34.4282352941176	4.955	-1.16411764705882
seq1242	-6.385	34.1894117647059	4.829375	-1.45882352941176
seq1243	-6.999375	34.2129411764706	5.039375	-1.25352941176471
seq1244	-10.595	35.4511764705882	4.5775	-1.82352941176471
seq1245	-6.575625	34.1488235294118	5.053125	-0.621764705882353
seq1246	-7.61625	34.5982352941177	4.84	-1.58941176470588
seq1247	-6.980625	34.0982352941177	5.118125	-0.555294117647059
seq1248	-5.68375	33.9458823529412	5.250625	-0.422352941176471
seq1249	-4.626875	33.9764705882353	5.11625	-1.14823529411765
seq1250	-7.483125	34.13	5.349375	0.322941176470588
seq1251	-6.79875	34.0447058823529	5.119375	-0.671176470588235
seq1252	-6.344375	34.2005882352941	5.154375	-0.441176470588235
seq1253	-6.33125	34.2447058823529	5.001875	-1.11176470588235
seq1254	-7.795	34.4388235294118	5.121875	-0.200588235294118
seq1255	-5.335625	34.1847058823529	5.05	-1.08470588235294
seq1256	-5.5725	34.4070588235294	5.019375	-1.04294117647059
seq1257	-7.0125	34.6294117647059	4.744375	-2.12117647058824
seq1258	-9.4925	34.9141176470588	4.881875	-0.920588235294118
seq1259	-5.613125	34.0829411764706	5.131875	-0.886470588235294
seq1260	-6.533125	34.3735294117647	5.02125	-0.910588235294118
seq1261	-5.295625	34.1182352941176	5.275	-0.25
seq1262	-5.535	34.4929411764706	4.74875	-2.14470588235294
seq1263	-6.185625	34.2688235294118	5.079375	-0.582352941176471
seq1264	-5.579375	34.1405882352941	5.04375	-0.979411764705882
seq1265	-5.62625	34.2076470588235	5.02375	-0.991764705882353
seq1266	-7.633125	34.8605882352941	4.664375	-2.05411764705882
seq1267	-6.68875	34.3947058823529	4.914375	-1.52588235294118
seq1268	-4.686875	34.0629411764706	5.164375	-0.565294117647059
seq1269	-4.3675	33.9905882352941	5.059375	-1.08529411764706
seq1270	-5.3725	34.1411764705882	5.078125	-0.975294117647059
seq1271	-6.694375	34.4758823529412	4.98625	-1.25823529411765
seq1272	-7.088125	34.8394117647059	4.670625	-2.41352941176471
seq1273	-8.58125	34.5182352941176	5.196875	-0.294117647058824
seq1274	-4.425625	33.8794117647059	5.178125	-0.908823529411765
seq1275	-8.6575	35.0776470588235	4.778125	-1.73352941176471
seq1276	-9.27125	34.8964705882353	5.244375	0.144117647058824
seq1277	-8.0875	34.4141176470588	5.2225	-0.298235294117647
seq1278	-7.193125	34.6752941176471	4.9375	-1.45941176470588
seq1279	-6.9325	34.3558823529412	4.886875	-1.09941176470588
seq1280	-7.2275	34.6529411764706	5.026875	-0.99
seq1281	-7.140625	34.4094117647059	4.929375	-0.859411764705882
seq1282	-9.355	35.0788235294118	4.99375	-0.802352941176471
seq1283	-7.389375	34.7729411764706	4.775625	-1.34470588235294
seq1284	-6.266875	34.2411764705882	5.221875	-0.496470588235294
seq1285	-5.920625	34.3147058823529	5.23	-0.387647058823529
seq1286	-6.76625	34.3229411764706	5.183125	-0.677647058823529
seq1287	-9.011875	34.9847058823529	4.996875	-0.918235294117647
seq1288	-8.04375	34.4211764705882	5.219375	0.214117647058824
seq1289	-5.8275	34.3552941176471	5.065	-0.578235294117647
seq1290	-5.756875	34.2441176470588	5.1825	-0.444117647058824
seq1291	-7.98	35.0770588235294	4.668125	-2.13647058823529
seq1292	-7.5875	34.8782352941176	4.70125	-2.25764705882353
