Sequence	Average_ProT	Average_HelT	Average_MGW	Average_Roll
seq1	-6.48368421052632	34.5355	4.93210526315789	-1.385
seq2	-7.26736842105263	34.3455	5.14315789473684	-0.326
seq3	-6.57842105263158	34.516	4.91894736842105	-1.239
seq4	-8.04894736842105	34.734	4.92157894736842	-1.3365
seq5	-8.17105263157895	34.7105	5.0478947368421	-0.388
seq6	-6.68684210526316	34.0615	5.22947368421053	0.0225
seq7	-6.79421052631579	34.374	5.03631578947368	-0.3595
seq8	-7.06894736842105	34.4475	5.00842105263158	-0.979
seq9	-6.86	34.3655	5.12947368421053	-0.146
seq10	-6.85578947368421	34.5125	4.64210526315789	-2.228
seq11	-6.29736842105263	34.3195	5.00684210526316	-0.9955
seq12	-5.61947368421053	33.8985	5.17052631578947	-0.5865
seq13	-6.83368421052632	34.3455	4.97263157894737	-0.751
seq14	-5.95421052631579	34.221	5.09105263157895	-0.648
seq15	-7.68263157894737	34.6045	4.94315789473684	-0.8495
seq16	-6.82789473684211	34.206	4.98842105263158	-0.519
seq17	-6.93684210526316	34.227	4.92263157894737	-0.909
seq18	-6.07315789473684	34.3585	5.10105263157895	-0.7635
seq19	-6.85947368421053	34.407	4.98894736842105	-0.9935
seq20	-7.61	34.5775	4.85473684210526	-1.593
seq21	-7.51736842105263	34.5855	4.98052631578947	-0.835
seq22	-4.99315789473684	34.168	5.16210526315789	-0.774
seq23	-5.43368421052632	34.0055	5.01842105263158	-0.9385
seq24	-5.44842105263158	34.2465	5.11473684210526	-0.741
seq25	-5.33	34.241	4.8878947368421	-1.6475
seq26	-7.11789473684211	34.321	5.21684210526316	-0.2015
seq27	-6.81473684210526	34.336	4.90736842105263	-1.3035
seq28	-7.67263157894737	34.203	5.15421052631579	-0.645
seq29	-4.61	34.114	5.08578947368421	-1.032
seq30	-6.23	34.207	4.99894736842105	-1.0585
seq31	-7.65842105263158	34.6435	4.95736842105263	-1.255
seq32	-6.13684210526316	34.2835	5.10052631578947	-0.8295
seq33	-6.05315789473684	34.303	5.05210526315789	-0.919
seq34	-6.95894736842105	34.504	4.83736842105263	-1.239
seq35	-5.93263157894737	34.386	4.93789473684211	-1.082
seq36	-7.24894736842105	34.731	4.68157894736842	-1.8735
seq37	-6.33263157894737	34.37	4.95631578947368	-0.948
seq38	-8.03947368421053	34.677	4.82157894736842	-1.1665
seq39	-5.00473684210526	33.949	5.19789473684211	-0.383
seq40	-7.44578947368421	34.416	5.13421052631579	-0.236
seq41	-6.23052631578947	34.0215	5.17315789473684	-0.4335
seq42	-7.53947368421053	34.3625	5.17578947368421	0.324
seq43	-5.11157894736842	33.9455	4.96210526315789	-1.083
seq44	-5.61684210526316	34.0825	4.99736842105263	-0.6895
seq45	-8.34473684210526	34.5985	5.08210526315789	-0.151
seq46	-7.72263157894737	34.1955	5.35473684210526	0.5735
seq47	-6.15263157894737	34.0925	5.20631578947368	-0.314
seq48	-6.80947368421053	34.3235	5.12	-0.459
seq49	-5.21684210526316	34.007	5.10473684210526	-0.8505
seq50	-6.68842105263158	34.3255	5.06473684210526	-0.312
seq51	-6.67421052631579	34.3755	4.93210526315789	-0.9685
seq52	-5.98894736842105	34.042	5.20526315789474	-0.309
seq53	-7.21210526315789	34.3435	5.07105263157895	-0.2495
seq54	-3.35736842105263	33.8155	5.08473684210526	-0.8235
seq55	-6.32736842105263	34.15	5.17210526315789	-0.241
seq56	-5.48684210526316	34.023	5.04473684210526	-0.678
seq57	-6.74789473684211	34.3415	5.15684210526316	-0.154
seq58	-6.01421052631579	34.106	5.05736842105263	-0.5905
seq59	-5.82105263157895	34.037	5.0578947368421	-0.847
seq60	-6.69052631578947	34.572	5.00105263157895	-0.829
seq61	-6.30842105263158	34.259	5.03631578947368	-0.6005
seq62	-5.33631578947368	34.1415	5.04578947368421	-0.8645
seq63	-6.95368421052632	34.511	4.68736842105263	-1.791
seq64	-8.13842105263158	34.664	4.98263157894737	-0.939
seq65	-5.18578947368421	33.9895	5.08315789473684	-0.8065
seq66	-6.48631578947368	34.1915	5.23736842105263	-0.442
seq67	-5.99105263157895	33.987	5.14578947368421	-0.502
seq68	-5.79421052631579	34.0695	5.24789473684211	-0.2375
seq69	-5.98473684210526	34.1275	4.95421052631579	-1.0385
seq70	-7.46894736842105	34.7275	4.78	-1.5305
seq71	-4.13947368421053	33.884	5.18157894736842	-0.099
seq72	-6.49894736842105	34.14	5.18526315789474	-0.184
seq73	-5.58526315789474	34.014	5.30578947368421	-0.013
seq74	-4.97894736842105	33.859	5.07736842105263	-1.13
seq75	-7.52052631578947	34.3975	5.18789473684211	-0.1805
seq76	-5.88736842105263	34.3325	5.10947368421053	-0.5585
seq77	-6.01368421052632	34.2845	5.16157894736842	-0.277
seq78	-3.87157894736842	33.921	5.09052631578947	-0.6515
seq79	-5.74473684210526	34.155	5.01	-0.6445
seq80	-6.79052631578947	34.4395	4.89631578947368	-1.2155
seq81	-6.88421052631579	34.1345	5.11947368421053	-0.5725
seq82	-5.81210526315789	34.2035	5.17105263157895	-0.5755
seq83	-4.21842105263158	34.181	5.14842105263158	-0.7705
seq84	-5.76578947368421	34.2285	5.25105263157895	-0.192
seq85	-7.58842105263158	34.717	4.86	-1.402
seq86	-7.5078947368421	34.366	5.11947368421053	-0.221
seq87	-7.21736842105263	34.3485	5.10631578947368	-0.1305
seq88	-5.97052631578947	34.2425	5.03105263157895	-0.732
seq89	-7.85368421052632	34.632	5.04947368421053	-0.327
seq90	-6.68789473684211	34.539	4.99736842105263	-0.8
seq91	-5.91315789473684	33.9825	5.24631578947368	-0.0935
seq92	-6.02105263157895	34.3915	4.78	-1.57
seq93	-6.67842105263158	34.2375	5.00947368421053	-0.4655
seq94	-6.67842105263158	34.234	5.00947368421053	-0.465
seq95	-6.11684210526316	34.2805	5.07263157894737	-0.61
seq96	-7.61052631578947	34.456	5.12842105263158	-0.0875
seq97	-5.52	34.0665	5.27368421052632	0.159
seq98	-5.47947368421053	34.223	4.99842105263158	-0.934
seq99	-3.17	34.0805	5.18	-0.382
seq100	-7.41736842105263	34.406	5.10947368421053	-0.015
seq101	-6.29473684210526	34.452	4.94210526315789	-1.0425
seq102	-7.23789473684211	34.4685	5.15421052631579	-0.1085
seq103	-6.60210526315789	34.2245	5.13	-0.297
seq104	-6.20736842105263	34.475	5.06210526315789	-0.6315
seq105	-6.7178947368421	34.423	5.21631578947368	0.0475
seq106	-6.35263157894737	34.472	4.77842105263158	-1.5435
seq107	-6.61157894736842	34.431	5.02947368421053	-0.6675
seq108	-5.22052631578947	33.9225	5.08263157894737	-1.06
seq109	-5.46947368421053	34.018	5.21315789473684	-0.477
seq110	-7.12105263157895	34.2995	4.92526315789474	-0.998
seq111	-6.22842105263158	34.138	5.06315789473684	-0.866
seq112	-6.71210526315789	34.3065	5.08263157894737	-0.25
seq113	-6.36842105263158	34.145	4.94894736842105	-1.111
seq114	-5.54263157894737	34.0635	5.06789473684211	-0.778
seq115	-6.62157894736842	34.2055	5.05210526315789	-0.9625
seq116	-7.29947368421053	34.28	4.98894736842105	-0.7695
seq117	-6.20947368421053	34.1915	5.14842105263158	-0.2575
seq118	-6.96684210526316	34.225	5.07684210526316	-0.9245
seq119	-6.47631578947368	34.326	5.05157894736842	-0.724
seq120	-6.16421052631579	34.1675	5.09684210526316	-0.7375
seq121	-7.46684210526316	34.5095	4.95578947368421	-1.1685
seq122	-6.69473684210526	34.155	5.26842105263158	-0.5035
seq123	-8.24947368421053	34.5915	5.11631578947368	-0.217
seq124	-7.22526315789474	34.4245	5.12421052631579	-0.494
seq125	-5.79526315789474	34.1775	4.98789473684211	-1.3395
seq126	-6.17578947368421	34.2215	4.99894736842105	-1.1025
seq127	-5.57894736842105	34.329	4.96894736842105	-1.0115
seq128	-6.05894736842105	33.942	5.15368421052632	-0.7005
seq129	-5.82736842105263	34.407	4.95473684210526	-1.315
seq130	-6.16526315789474	34.5005	4.86368421052632	-1.501
seq131	-6.96631578947368	34.375	5.03421052631579	-0.5345
seq132	-6.51052631578947	34.1465	5.06473684210526	-0.6735
seq133	-6.63736842105263	34.3225	5.15736842105263	-0.287
seq134	-5.97315789473684	34.302	4.97736842105263	-1.2135
seq135	-6.70315789473684	34.448	5.11	-0.178
seq136	-7.34789473684211	34.49	5.29421052631579	0.0895
seq137	-7.42315789473684	34.33	5.17157894736842	-0.343
seq138	-5.14368421052632	34.225	5.24421052631579	0.0505
seq139	-5.01631578947368	34.0425	5.16947368421053	-0.5655
seq140	-8.46842105263158	34.8655	4.91473684210526	-1.1145
seq141	-6.85368421052632	34.4615	4.91315789473684	-1.2315
seq142	-4.85894736842105	34.1775	5.17421052631579	-0.5265
seq143	-6.15894736842105	34.3715	5.00368421052632	-1.1195
seq144	-6.26684210526316	34.4145	5.02789473684211	-0.549
seq145	-3.54736842105263	34.0255	5.1	-0.9755
seq146	-5.67105263157895	34.3205	5.00473684210526	-1.1645
seq147	-4.94105263157895	34.2395	5.27842105263158	-0.00449999999999998
seq148	-6.21	34.248	5.09157894736842	-0.5565
seq149	-4.91052631578947	33.973	5.10263157894737	-1.0795
seq150	-5.79947368421053	34.132	5.15947368421053	-0.866
seq151	-5.99631578947368	34.439	4.90578947368421	-1.383
seq152	-6.69421052631579	34.487	4.94578947368421	-1.493
seq153	-5.93263157894737	34.348	5.09052631578947	-1.102
seq154	-7.79210526315789	34.5815	5.24105263157895	-0.2705
seq155	-6.96684210526316	34.383	5.14842105263158	-0.4545
seq156	-6.21473684210526	34.397	5.04105263157895	-0.966
seq157	-5.91210526315789	34.158	5.18473684210526	-0.5065
seq158	-4.92842105263158	34.0555	5.11578947368421	-0.7195
seq159	-6.83789473684211	34.5435	4.85842105263158	-1.391
seq160	-6.34052631578947	34.425	5.00315789473684	-0.964
seq161	-5.31315789473684	34.161	5.19736842105263	-0.4905
seq162	-6.77842105263158	34.615	4.84315789473684	-1.3805
seq163	-5.60210526315789	34.206	5.23157894736842	-0.349
seq164	-4.63052631578947	34.086	5.06894736842105	-1.1345
seq165	-5.66473684210526	34.0995	5.04421052631579	-1.004
seq166	-6.29157894736842	34.4775	5.01421052631579	-1.122
seq167	-5.64421052631579	34.084	5.07368421052632	-0.518
seq168	-5.69210526315789	34.0875	5.08263157894737	-0.9355
seq169	-6.48052631578947	34.4	4.92578947368421	-1.214
seq170	-4.88157894736842	34.0315	5.02526315789474	-1.2115
seq171	-5.41526315789474	34.035	5.12684210526316	-0.6985
seq172	-6.37894736842105	34.3	5.10368421052632	-0.6455
seq173	-6.01368421052632	34.374	5.04368421052632	-0.6695
seq174	-5.20263157894737	34.1015	4.99	-1.2625
seq175	-7.54157894736842	34.3945	5.02842105263158	-0.972
seq176	-6.71368421052632	34.2545	5.05052631578947	-0.838
seq177	-5.97052631578947	34.4315	4.90894736842105	-1.5335
seq178	-5.86736842105263	34.398	4.84842105263158	-1.633
seq179	-6.12105263157895	34.161	5.19052631578947	-0.5735
seq180	-7.20368421052632	34.5585	4.93894736842105	-0.8735
seq181	-6.71736842105263	34.3695	5.22578947368421	-0.337
seq182	-5.55789473684211	34.0275	5.16526315789474	-0.5625
seq183	-6.65578947368421	34.282	5.02263157894737	-1.015
seq184	-6.57	34.387	5.11157894736842	-0.4
seq185	-6.54368421052632	34.2165	5.17	-0.4805
seq186	-4.04578947368421	33.8155	5.14789473684211	-1.007
seq187	-7.43263157894737	34.4155	5.01842105263158	-1.1685
seq188	-7.3	34.4265	5.13052631578947	-0.447
seq189	-6.33736842105263	34.205	5.17947368421053	-0.476
seq190	-5.85210526315789	34.1015	5.24368421052632	-0.4015
seq191	-6.83736842105263	34.293	5.25263157894737	-0.3325
seq192	-4.85894736842105	34.2515	5.08105263157895	-1.114
seq193	-6.59263157894737	34.4405	4.94684210526316	-1.468
seq194	-5.21578947368421	33.9845	4.96105263157895	-1.4725
seq195	-6.85	34.3395	5.01526315789474	-1.011
seq196	-7.52421052631579	34.6	4.90894736842105	-1.443
seq197	-6.08894736842105	34.185	5.27947368421053	-0.3345
seq198	-8.88263157894737	34.573	5.11736842105263	-0.4395
seq199	-8.01157894736842	34.553	5.02315789473684	-1.0325
seq200	-8.24684210526316	34.5215	5.23	-0.406
seq201	-6.48421052631579	34.5775	4.86473684210526	-1.6905
seq202	-8.41526315789474	34.588	5.06157894736842	-0.074
seq203	-7.44368421052632	34.5845	4.95842105263158	-0.8405
seq204	-8.70947368421053	34.7975	4.75263157894737	-1.3345
seq205	-4.55578947368421	33.9825	5.12157894736842	-0.7555
seq206	-6.14526315789474	34.2315	5.12631578947368	-0.5495
seq207	-6.51526315789474	34.42	4.92157894736842	-1.1005
seq208	-8.55052631578947	34.4915	5.21894736842105	0.0345
seq209	-6.83842105263158	34.4185	4.97578947368421	-0.9495
seq210	-5.84368421052632	34.1545	5.19578947368421	-0.304
seq211	-6.31	34.2615	5.14473684210526	-0.735
seq212	-7.04315789473684	34.3165	5.01578947368421	-0.796
seq213	-6.19315789473684	34.343	5.02842105263158	-0.854
seq214	-6.41947368421053	34.535	4.89578947368421	-1.2945
seq215	-6.09421052631579	34.4115	5.07947368421053	-0.6345
seq216	-5.53473684210526	34.129	5.01105263157895	-0.944
seq217	-5.9678947368421	34.2685	5.00421052631579	-0.8365
seq218	-6.30842105263158	34.259	5.03631578947368	-0.6005
seq219	-6.59894736842105	34.232	5.10631578947368	-0.5135
seq220	-5.08368421052632	34.2055	5.05263157894737	-0.5405
seq221	-7.49	34.455	5.19578947368421	0.249
seq222	-4.98315789473684	34.283	5.19157894736842	-0.473
seq223	-6.09842105263158	34.3	5.2421052631579	-0.3925
seq224	-6.44473684210526	34.5385	5.13052631578947	-0.6485
seq225	-6.78526315789474	34.4345	5.04947368421053	-0.5645
seq226	-6.25578947368421	34.3045	5.03526315789474	-1.138
seq227	-9.15263157894737	34.7205	5.00052631578947	-0.889
seq228	-7.18894736842105	34.513	5.08157894736842	-0.766
seq229	-6.75157894736842	34.26	5.10842105263158	-0.594
seq230	-7.42210526315789	34.556	5.05894736842105	-0.445
seq231	-5.52157894736842	34.174	4.80052631578947	-1.8455
seq232	-5.21	33.9675	4.91210526315789	-1.3085
seq233	-7.65684210526316	34.6235	4.76421052631579	-1.548
seq234	-5.78894736842105	34.2325	4.96578947368421	-1.098
seq235	-5.25526315789474	34.276	4.92368421052632	-1.483
seq236	-7.68842105263158	34.4485	5.0721052631579	-0.6945
seq237	-5.77789473684211	34.1395	5.18684210526316	-0.093
seq238	-6.53315789473684	34.259	5.06315789473684	-0.8795
seq239	-7.23263157894737	34.342	5.10263157894737	-0.404
seq240	-6.49473684210526	34.3285	4.87684210526316	-1.4475
seq241	-5.42052631578947	34.185	5.13526315789474	-0.658
seq242	-6.83526315789474	34.244	5.11	-0.5165
seq243	-5.84947368421053	34.0285	5.12052631578947	-0.7075
seq244	-5.48631578947368	33.94	4.96947368421053	-1.457
seq245	-5.87157894736842	34.0685	4.95894736842105	-1.3065
seq246	-5.79894736842105	34.0855	5.17578947368421	-0.5445
seq247	-6.17315789473684	34.3385	5.22210526315789	-0.263
seq248	-5.33210526315789	34.0405	5.01578947368421	-0.968
seq249	-5.94842105263158	33.985	5.20315789473684	-0.2195
seq250	-4.32473684210526	34.0165	5.06947368421053	-1.0185
seq251	-8.29473684210526	34.416	5.06631578947368	-0.4375
seq252	-6.93473684210526	34.511	4.91052631578947	-1.2
seq253	-6.62105263157895	34.223	5.01842105263158	-0.5825
seq254	-7.43421052631579	34.4375	4.86368421052632	-1.27
seq255	-5.57052631578947	33.987	5.08315789473684	-0.745
seq256	-5.95052631578947	33.958	5.24473684210526	-0.334
seq257	-6.74052631578947	34.599	4.97631578947368	-1.102
seq258	-5.77421052631579	34.2075	5.29210526315789	0.108
seq259	-5.69157894736842	34.0055	5.02368421052632	-0.949
seq260	-6.41368421052632	34.4035	4.89684210526316	-1.028
seq261	-5.97210526315789	34.0405	5.00947368421053	-0.757
seq262	-5.63368421052632	34.2395	5.17210526315789	-0.2415
seq263	-5.80684210526316	34.04	5.15157894736842	-0.3335
seq264	-4.93631578947368	34.05	5.00052631578947	-1.038
seq265	-7.17315789473684	34.2395	5.00894736842105	-0.843
seq266	-5.97473684210526	34.0145	5.11684210526316	-0.557
seq267	-3.86526315789474	33.7565	4.87736842105263	-1.5855
seq268	-6.64631578947368	34.2305	5.2	-0.0675
seq269	-6.36157894736842	34.2635	5.16684210526316	-0.567
seq270	-4.65736842105263	34.117	5.27684210526316	-0.3385
seq271	-6.88526315789474	34.2015	5.13789473684211	-0.61
seq272	-5.81368421052632	34.1685	4.93421052631579	-1.457
seq273	-6.53684210526316	34.311	4.89631578947368	-1.408
seq274	-6.83894736842105	34.438	4.90842105263158	-1.315
seq275	-5.91263157894737	33.8745	5.20526315789474	-0.5405
seq276	-5.67947368421053	34.016	5.18578947368421	-0.611
seq277	-5.53	33.9985	5.04736842105263	-0.5885
seq278	-6.05263157894737	34.299	5.01157894736842	-1.0385
seq279	-4.56631578947368	34.031	4.96105263157895	-1.5055
seq280	-5.16894736842105	33.895	5.05947368421053	-0.9995
seq281	-7.07263157894737	34.5325	4.93105263157895	-1.1115
seq282	-5.95052631578947	33.958	5.24473684210526	-0.334
seq283	-6.11315789473684	34.1915	4.99368421052632	-1.001
seq284	-6.39842105263158	34.114	5.05157894736842	-0.816
seq285	-6.95947368421053	34.1535	5.16421052631579	-0.492
seq286	-7.2178947368421	34.296	5.07105263157895	-0.5855
seq287	-6.79631578947368	34.209	4.99315789473684	-1.1595
seq288	-5.55842105263158	34.149	4.96526315789474	-1.397
seq289	-7.90526315789474	34.419	5.10315789473684	-0.2625
seq290	-6.19473684210526	33.793	5.24631578947368	-0.4675
seq291	-6.22473684210526	34.303	4.91052631578947	-1.4885
seq292	-6.85368421052632	34.4615	4.91315789473684	-1.2315
seq293	-6.68421052631579	34.2775	4.97157894736842	-1.2195
seq294	-6.86947368421053	34.3055	5.03421052631579	-0.8915
seq295	-6.88157894736842	34.3305	5.14052631578947	-0.379
seq296	-5.89210526315789	33.9	5.05052631578947	-0.91
seq297	-6.04578947368421	33.9975	5.20789473684211	-0.2455
seq298	-7.40789473684211	34.393	5.09526315789474	-0.765
seq299	-6.13578947368421	34.164	5.24526315789474	-0.447
seq300	-6.67947368421053	34.3545	5.10421052631579	-0.4615
seq301	-6.81684210526316	34.098	5.19368421052632	-0.61
seq302	-8.19052631578947	34.4085	5.16631578947368	-0.625
seq303	-6.09578947368421	33.9705	5.10631578947368	-0.4825
seq304	-7.52684210526316	34.2665	5.10842105263158	-0.133
seq305	-6.0321052631579	34.0845	4.94368421052632	-1.171
seq306	-5.84368421052632	34.233	4.87157894736842	-1.3105
seq307	-7.05631578947368	34.284	5.34421052631579	0.4105
seq308	-5.84263157894737	33.9675	5.19473684210526	-0.1495
seq309	-6.75578947368421	34.099	5.11315789473684	-0.2265
seq310	-5.66842105263158	34.11	5.16368421052632	-0.5075
seq311	-4.70473684210526	33.9	5.09526315789474	-0.7195
seq312	-6.68631578947368	34.3755	5.01526315789474	-0.7765
seq313	-5.57684210526316	33.8915	5.22157894736842	-0.317
seq314	-6.46421052631579	34.079	5.12473684210526	-0.4165
seq315	-6.51052631578947	34.1465	5.06473684210526	-0.6735
seq316	-7.38526315789474	34.6075	4.89105263157895	-0.9985
seq317	-6.86315789473684	34.158	5.04315789473684	-0.7775
seq318	-5.74052631578947	33.886	5.10368421052632	-0.851
seq319	-5.10473684210526	34.2315	4.9678947368421	-1.1015
seq320	-6.38947368421053	34.283	5.09	-0.312
seq321	-5.92052631578947	34.237	4.93421052631579	-1.215
seq322	-6.25684210526316	34.21	5.14210526315789	-0.413
seq323	-5.44368421052632	34.203	4.92157894736842	-1.2765
seq324	-7.88473684210526	34.4725	5.04263157894737	-0.519
seq325	-5.91315789473684	33.9825	5.24631578947368	-0.0935
seq326	-5.81947368421053	34.0425	5.32684210526316	-0.0655
seq327	-7.8878947368421	34.485	4.93368421052632	-0.9905
seq328	-5.24263157894737	33.9585	4.90947368421053	-1.4715
seq329	-5.98263157894737	34.061	5.01105263157895	-0.7065
seq330	-6.07631578947368	34.175	4.96473684210526	-1.1695
seq331	-6.16526315789474	34.423	4.95052631578947	-1.0475
seq332	-6.83684210526316	34.2805	5.04894736842105	-0.375
seq333	-5.37947368421053	34.07	5.06947368421053	-0.8075
seq334	-6.19473684210526	34.1885	5.23368421052632	-0.102
seq335	-7.00263157894737	34.141	5.19684210526316	-0.375
seq336	-5.59473684210526	34.1085	4.92	-1.0995
seq337	-5.96	34.121	5.16842105263158	-0.301
seq338	-7.37947368421053	34.244	5.23210526315789	0.025
seq339	-5.09421052631579	33.9355	4.94947368421053	-1.2705
seq340	-5.41263157894737	34.0675	5.21894736842105	-0.304
seq341	-6.03736842105263	34.301	5.0721052631579	-0.6795
seq342	-6.46578947368421	34.303	4.94526315789474	-1.131
seq343	-5.64263157894737	33.8795	5.1921052631579	-0.4685
seq344	-3.63157894736842	33.8655	4.94631578947368	-1.5955
seq345	-6.84578947368421	34.2255	4.92526315789474	-0.8955
seq346	-6.04578947368421	34.0095	5.27526315789474	0.0225
seq347	-4.55210526315789	33.8945	5.06157894736842	-0.925
seq348	-4.13578947368421	33.857	5.11789473684211	-0.9325
seq349	-6.05894736842105	34.2705	5.03157894736842	-1.0205
seq350	-6.80368421052632	34.372	4.99894736842105	-0.735
seq351	-6.46263157894737	34.2905	4.95263157894737	-1.229
seq352	-6.57	34.265	5.33842105263158	0.456
seq353	-4.15736842105263	33.9915	5.20684210526316	-0.147
seq354	-5.54842105263158	34.235	5.09578947368421	-0.511
seq355	-3.83263157894737	33.9415	5.14263157894737	-0.6935
seq356	-4.92052631578947	33.865	5.08052631578947	-1.026
seq357	-5.88	34.422	4.96157894736842	-1.1645
seq358	-7.58473684210526	34.4525	5.05526315789474	-0.8045
seq359	-4.87315789473684	34.036	5.13368421052632	-0.778
seq360	-7.77421052631579	34.7385	4.84	-1.271
seq361	-7.31736842105263	34.3215	4.92052631578947	-0.948
seq362	-5.35210526315789	33.985	5.05263157894737	-0.6705
seq363	-6.75368421052632	34.186	5.06684210526316	-0.8135
seq364	-4.50526315789474	33.9845	4.93368421052632	-1.2815
seq365	-6.81421052631579	33.982	5.22894736842105	-0.5695
seq366	-4.48789473684211	33.9245	5.12842105263158	-0.971
seq367	-6.88421052631579	33.9145	5.28789473684211	-0.195
seq368	-7.42473684210526	34.204	5.08736842105263	-0.6175
seq369	-5.58157894736842	34.0255	5.07263157894737	-0.9495
seq370	-5.52894736842105	34.0425	5.08210526315789	-0.924
seq371	-5.72578947368421	34.031	4.99421052631579	-1.2905
seq372	-5.54157894736842	33.9885	5.25736842105263	-0.3095
seq373	-7.85052631578947	34.671	4.92210526315789	-1.3775
seq374	-6.46	34.167	5.05736842105263	-1.0775
seq375	-6.64052631578947	34.3155	4.97	-1.2175
seq376	-5.38210526315789	33.8625	5.26736842105263	-0.4075
seq377	-5.46421052631579	33.9985	5.12315789473684	-0.714
seq378	-6.54526315789474	34.017	5.14315789473684	-0.88
seq379	-6.68631578947368	34.3755	5.01526315789474	-0.7765
seq380	-7.57263157894737	34.3855	5.18157894736842	-0.182
seq381	-6.93684210526316	34.2405	5.05736842105263	-0.5965
seq382	-4.26052631578947	33.9435	5.17052631578947	-0.6555
seq383	-6.18631578947368	34.2125	4.93473684210526	-0.9895
seq384	-7.09052631578947	34.009	5.30789473684211	0.208
seq385	-7.87578947368421	34.4885	4.93684210526316	-1.1295
seq386	-6.09736842105263	34.1755	5.10947368421053	-0.398
seq387	-5.19684210526316	34.1945	5.06052631578947	-0.733
seq388	-6.04052631578947	34.3365	4.93736842105263	-1.172
seq389	-4.08631578947368	33.9965	5.08947368421053	-0.6925
seq390	-5.69473684210526	34.256	5.15842105263158	-0.725
seq391	-5.12842105263158	33.909	5.15368421052632	-0.4405
seq392	-5.59789473684211	33.9495	5.24526315789474	-0.1985
seq393	-4.63315789473684	33.8815	5.12052631578947	-0.655
seq394	-5.55052631578947	34.126	5.24473684210526	-0.263
seq395	-7.63894736842105	34.806	4.82210526315789	-1.4005
seq396	-5.04684210526316	34.1	5.11947368421053	-0.7095
seq397	-6.75052631578947	34.44	4.92578947368421	-1.2565
seq398	-3.56842105263158	33.8225	5.09157894736842	-1
seq399	-4.1378947368421	33.9825	5.19421052631579	-0.5285
seq400	-4.92	34.2125	5.06631578947368	-0.6115
seq401	-5.45105263157895	34.2005	5.21736842105263	-0.2755
seq402	-6.27842105263158	34.189	4.93157894736842	-1.1755
seq403	-6.41842105263158	34.173	5.06947368421053	-0.6955
seq404	-2.96894736842105	33.865	4.98736842105263	-1.3145
seq405	-6.19263157894737	34.4615	4.94473684210526	-1.1995
seq406	-4.38263157894737	33.903	5.03473684210526	-1.0455
seq407	-5.47105263157895	34.2335	4.93684210526316	-1.2915
seq408	-6.68105263157895	34.341	5.07736842105263	-0.3115
seq409	-5.93473684210526	34.26	5.13736842105263	-0.3355
seq410	-5.31578947368421	34.1115	4.91947368421053	-1.068
seq411	-6.45	34.119	5.14684210526316	-0.402
seq412	-6.57	34.3605	4.93368421052632	-0.9
seq413	-6.56157894736842	34.508	4.91210526315789	-1.1005
seq414	-6.96	34.2175	5.23526315789474	0.133
seq415	-6.35315789473684	34.26	5.11526315789474	-0.4735
seq416	-6.28263157894737	34.1105	5.14684210526316	-0.3295
seq417	-7.35947368421053	34.1695	5.29684210526316	0.199
seq418	-6.39947368421053	34.108	5.22052631578947	-0.222
seq419	-8	34.675	4.83684210526316	-1.2805
seq420	-6.5	34.262	4.90368421052632	-1.0705
seq421	-5.81473684210526	33.971	4.89631578947368	-1.5345
seq422	-6.52315789473684	33.996	5.07157894736842	-0.5315
seq423	-7.65894736842105	34.519	4.95578947368421	-1.215
seq424	-7.63105263157895	34.478	4.81947368421053	-1.738
seq425	-5.30947368421053	34.0885	5.15631578947368	-0.817
seq426	-4.77263157894737	33.826	5.13894736842105	-0.597
seq427	-5.61526315789474	34.118	5.27789473684211	-0.261
seq428	-5.52947368421053	34.1275	4.94263157894737	-1.5165
seq429	-4.70631578947368	33.8635	4.99368421052632	-1.2895
seq430	-6.42842105263158	33.9125	5.02157894736842	-1.119
seq431	-5.37842105263158	33.969	5.19368421052632	-0.633
seq432	-5.76473684210526	34.0605	4.97157894736842	-1.3225
seq433	-7.10473684210526	34.158	5.12947368421053	-0.4585
seq434	-5.34578947368421	33.7485	5.14526315789474	-0.707
seq435	-7.3	34.1295	5.1378947368421	-0.484
seq436	-4.97315789473684	33.9105	4.99631578947368	-1.2995
seq437	-7.48210526315789	34.485	4.98210526315789	-0.7565
seq438	-6.02578947368421	34.0785	5.0578947368421	-0.767
seq439	-5.53368421052632	33.949	5.13315789473684	-0.682
seq440	-6.62526315789474	34.1535	5.24894736842105	-0.485
seq441	-5.18789473684211	34.155	5.14052631578947	-0.815
seq442	-4.25473684210526	33.883	4.97368421052632	-1.4415
seq443	-5.76473684210526	34.001	5.17578947368421	-0.257
seq444	-6.14789473684211	33.9875	5.32052631578947	-0.207
seq445	-6.44	34.0765	5.14157894736842	-0.641
seq446	-7.64263157894737	34.4035	5.02473684210526	-1.1195
seq447	-5.89578947368421	34.05	5.13684210526316	-0.526
seq448	-6.25894736842105	34.1425	5.27947368421053	-0.09
seq449	-6.88842105263158	34.377	5.17	-0.596
seq450	-7.25526315789474	34.408	4.88684210526316	-1.363
seq451	-5.79052631578947	34.0345	4.99421052631579	-1.4065
seq452	-6.70368421052632	34.013	5.05894736842105	-0.85
seq453	-7.03526315789474	34.3345	4.99052631578947	-0.9
seq454	-7.57894736842105	34.3895	5.0478947368421	-0.709
seq455	-5.93736842105263	33.916	5.18473684210526	-0.384
seq456	-7.68210526315789	34.428	5.02947368421053	-0.7795
seq457	-6.47736842105263	34.066	5.11052631578947	-0.5855
seq458	-9.17736842105263	34.619	5.15263157894737	-0.1735
seq459	-6.78894736842105	34.312	5.10947368421053	-0.763
seq460	-6.98526315789474	34.325	4.97368421052632	-1.089
seq461	-6.48105263157895	34.3205	5.24789473684211	0.0265
seq462	-6.02578947368421	34.3535	5.02105263157895	-1.091
seq463	-6.43947368421053	34.301	4.90105263157895	-1.196
seq464	-6.51789473684211	34.4345	4.81315789473684	-1.654
seq465	-7.07526315789474	34.4695	5.10789473684211	-0.629
seq466	-5.17842105263158	34.2205	5.13052631578947	-0.4615
seq467	-6.23210526315789	34.246	5.17368421052632	-0.581
seq468	-7.15842105263158	34.1105	5.10421052631579	-0.7005
seq469	-5.44736842105263	34.22	5.03263157894737	-1.04
seq470	-6.45631578947368	34.104	5.18052631578947	-0.366
seq471	-6.90894736842105	34.3235	5.12421052631579	-0.3195
seq472	-5.01894736842105	34.0585	5.07842105263158	-0.923
seq473	-7.47842105263158	34.4465	4.95421052631579	-0.9005
seq474	-8.11315789473684	34.519	5.10157894736842	-0.7735
seq475	-6.28894736842105	34.3215	4.95894736842105	-1.161
seq476	-5.86263157894737	34.0475	5.09315789473684	-0.656
seq477	-6.32473684210526	34.24	5.03263157894737	-0.906
seq478	-6.74368421052632	34.4435	4.88473684210526	-1.616
seq479	-6.82526315789474	34.2195	5.26210526315789	-0.129
seq480	-4.75105263157895	33.9245	5.23052631578947	-0.2435
seq481	-6.67842105263158	34.2375	5.00947368421053	-0.4655
seq482	-6.84842105263158	34.421	4.92210526315789	-1.256
seq483	-5.32052631578947	34.016	4.96473684210526	-1.233
seq484	-6.31315789473684	34.2755	5.00526315789474	-1.0495
seq485	-5.72842105263158	34.2435	4.90789473684211	-1.741
seq486	-7.72842105263158	34.541	5.04157894736842	-0.7335
seq487	-6.18684210526316	34.2795	4.98210526315789	-1.058
seq488	-5.67947368421053	34.252	4.97684210526316	-1.378
seq489	-7.26789473684211	34.0295	5.24157894736842	-0.2035
seq490	-5.63631578947368	34.046	4.96894736842105	-1.4285
seq491	-4.5078947368421	33.9855	5.21157894736842	-0.4955
seq492	-5.95684210526316	34.1575	5.06789473684211	-0.881
seq493	-7.69684210526316	34.485	5.13842105263158	-0.4295
seq494	-8.77368421052632	34.519	5.15052631578947	-0.1385
seq495	-7.79	34.678	4.97	-1.0325
seq496	-7.10105263157895	34.5085	4.97052631578947	-0.9745
seq497	-5.21	34.126	5.09526315789474	-0.9125
seq498	-5.26947368421053	33.968	5.00631578947368	-0.8395
seq499	-5.77157894736842	34.182	5.22210526315789	-0.3865
seq500	-5.37789473684211	34.095	5.11684210526316	-0.721
seq501	-6.19578947368421	34.294	5.12736842105263	-0.4095
seq502	-3.88684210526316	33.869	5.1121052631579	-0.941
seq503	-5.75368421052632	34.311	5.27421052631579	-0.1245
seq504	-4.25421052631579	34.1305	5.08368421052632	-0.8405
seq505	-3.53368421052632	33.904	5.09631578947368	-1.024
seq506	-7.31421052631579	34.4545	4.94631578947368	-1.139
seq507	-4.23947368421053	34.0945	5.11894736842105	-0.7345
seq508	-4.40105263157895	33.962	5.10526315789474	-0.934
seq509	-5.36684210526316	34.069	5.07315789473684	-0.923
seq510	-5.59842105263158	34.215	5.08473684210526	-0.708
seq511	-6.64368421052632	34.451	5.23368421052632	-0.0779999999999999
seq512	-4.37105263157895	34.036	5.03789473684211	-1.0595
seq513	-6.35157894736842	34.2905	5.07684210526316	-0.994
seq514	-7.92368421052632	34.692	5.01315789473684	-0.838
seq515	-6.41947368421053	34.329	5.02947368421053	-0.9835
seq516	-5.50421052631579	34.2535	4.99789473684211	-1.0005
seq517	-6.73315789473684	34.292	5.17842105263158	-0.1125
seq518	-7.32052631578947	34.5885	5.16105263157895	-0.392
seq519	-5.85473684210526	34.329	5.10947368421053	-0.549
seq520	-8.12210526315789	34.444	5.16315789473684	-0.1555
seq521	-5.60894736842105	34.256	5.23736842105263	-0.49
seq522	-5.23894736842105	34.113	5.04421052631579	-0.5915
seq523	-6.31105263157895	34.3125	5.12894736842105	-0.4345
seq524	-4.54	33.9875	5.20684210526316	-0.51
seq525	-3.44526315789474	34.0875	5.2021052631579	-0.611
seq526	-6.53526315789474	34.254	5.04315789473684	-0.723
seq527	-4.70105263157895	34.2995	5.15315789473684	-0.767
seq528	-5.96526315789474	34.1845	5.08842105263158	-0.76
seq529	-7.31578947368421	34.443	5.10526315789474	-0.9035
seq530	-6.23	34.2395	5.12105263157895	-0.561
seq531	-5.98894736842105	34.397	4.91473684210526	-1.357
seq532	-5.33368421052632	33.9895	5.06894736842105	-1.2275
seq533	-6.85368421052632	34.369	5.00315789473684	-1.108
seq534	-5.47105263157895	34.0105	5.21157894736842	-0.298
seq535	-5.73947368421053	33.9915	5.09526315789474	-0.835
seq536	-7.32947368421053	34.4105	5.13578947368421	-0.3055
seq537	-5.76684210526316	34.1835	5.0478947368421	-0.8705
seq538	-7.94052631578947	34.252	5.13315789473684	-0.5785
seq539	-5.75052631578947	34.2155	4.85421052631579	-1.627
seq540	-5.73473684210526	34.074	5.03368421052632	-1.1715
seq541	-6.07368421052632	34.0535	5.10789473684211	-0.632
seq542	-5.83263157894737	33.9985	5.25736842105263	-0.1135
seq543	-5.53	34.043	5.14368421052632	-0.7465
seq544	-6.99526315789474	34.2965	5.19842105263158	-0.374
seq545	-5.74	34.1395	5.30315789473684	0.0765
seq546	-6.88210526315789	34.2815	5.25947368421053	-0.1135
seq547	-5.29052631578947	34.2205	4.76842105263158	-1.9735
seq548	-6.97842105263158	34.368	5.26421052631579	-0.1395
seq549	-7.68210526315789	34.561	5.10315789473684	-0.537
seq550	-6.16052631578947	34.2445	5.04157894736842	-0.9095
seq551	-6.06947368421053	34.2925	5.12526315789474	-0.9945
seq552	-6.67526315789474	34.2895	5.20789473684211	-0.4685
seq553	-5.80315789473684	34.1775	5.15368421052632	-0.688
seq554	-6.69526315789474	34.4745	5.10894736842105	-0.5535
seq555	-4.81684210526316	33.984	4.96368421052632	-1.405
seq556	-7.25421052631579	34.369	5.12789473684211	-0.415
seq557	-7.32789473684211	34.5875	4.81315789473684	-1.58
seq558	-7.06473684210526	34.61	4.98526315789474	-0.915
seq559	-6.53052631578947	34.2615	5.01052631578947	-1.2855
seq560	-5.30368421052632	34.147	4.90789473684211	-1.5745
seq561	-6.57	34.5355	4.97368421052632	-1.0755
seq562	-5.45894736842105	34.209	5.19157894736842	-0.3045
seq563	-5.45	34.1235	4.93263157894737	-1.5265
seq564	-4.95263157894737	34.091	5.16052631578947	-0.39
seq565	-7.84526315789474	34.5045	5.08263157894737	-0.708
seq566	-7.11631578947368	34.3855	5.21842105263158	-0.193
seq567	-6.21842105263158	34.2215	5.27157894736842	-0.2985
seq568	-5.96052631578947	34.096	5.16473684210526	-0.472
seq569	-5.95368421052632	34.153	5.18736842105263	-0.5835
seq570	-7.31368421052632	34.457	5.22842105263158	-0.187
seq571	-7.25421052631579	34.403	5.15315789473684	-0.6635
seq572	-7.42526315789474	34.527	4.89421052631579	-1.383
seq573	-7.44368421052632	34.4655	4.97	-0.65
seq574	-7.22263157894737	34.373	5.08789473684211	-0.089
seq575	-6.25315789473684	33.9695	5.08578947368421	-0.8115
seq576	-7.37894736842105	34.3025	5.07842105263158	-0.684
seq577	-5.21157894736842	34.0835	5.07947368421053	-0.7595
seq578	-7.47105263157895	34.4575	4.83105263157895	-1.359
seq579	-7.80315789473684	34.218	5.38	0.5115
seq580	-6.57052631578947	34.26	5.05631578947368	-0.6965
seq581	-5.57157894736842	34.046	5.09210526315789	-0.681
seq582	-7.23368421052632	34.0585	5.24	0.1935
seq583	-4.34736842105263	33.835	5.14473684210526	-0.577
seq584	-6.02789473684211	34.096	5.11578947368421	-0.4975
seq585	-6.00947368421053	34.0025	5.00842105263158	-1.0885
seq586	-8.35157894736842	34.5455	4.99526315789474	-0.9685
seq587	-8.41473684210526	34.511	5.12157894736842	-0.3255
seq588	-5.68368421052632	33.9355	5.20473684210526	-0.761
seq589	-5.29842105263158	33.9645	5.21052631578947	-0.5385
seq590	-7.40789473684211	34.2025	5.16631578947368	-0.451
seq591	-7.37842105263158	34.4075	5.15578947368421	-0.35
seq592	-6.60052631578947	34.403	5.00526315789474	-0.9905
seq593	-5.86894736842105	34.099	5.04631578947368	-0.687
seq594	-7.02	34.324	5.03157894736842	-0.707
seq595	-6.14894736842105	34.151	5.05052631578947	-0.7945
seq596	-6.41473684210526	34.333	4.97263157894737	-1.107
seq597	-6.29	34.2505	5.03684210526316	-0.9565
seq598	-5.45	34.0565	5.15210526315789	-0.8995
seq599	-6.84421052631579	34.329	5.08684210526316	-0.7015
seq600	-6.43631578947368	34.217	5.12421052631579	-0.5405
seq601	-5.09263157894737	34.168	5.22157894736842	-0.2645
seq602	-6.70684210526316	34.3885	5.17315789473684	-0.4165
seq603	-5.78368421052632	34.342	4.94526315789474	-1.36
seq604	-5.40315789473684	34.1105	5.03736842105263	-0.6295
seq605	-6.51526315789474	34.2725	5.25157894736842	-0.245
seq606	-6.40631578947368	34.0985	5.31631578947368	0.151
seq607	-4.33842105263158	34.007	5.20421052631579	-0.478
seq608	-5.80789473684211	34.1495	4.95052631578947	-1.209
seq609	-5.94894736842105	34.143	5.07526315789474	-0.5715
seq610	-5.99894736842105	34.197	5.06842105263158	-0.5055
seq611	-5.31315789473684	34.161	5.19736842105263	-0.4905
seq612	-7.26315789473684	34.5085	4.93421052631579	-0.9285
seq613	-8.08842105263158	34.454	5.15789473684211	-0.359
seq614	-5.54315789473684	34.0715	5.25263157894737	-0.171
seq615	-5.26842105263158	34.2295	5.35842105263158	0.172
seq616	-6.97263157894737	34.3745	5.20947368421053	-0.355
seq617	-6.71368421052632	34.1005	5.19526315789474	-0.549
seq618	-5.32157894736842	33.9965	5.16578947368421	-0.883
seq619	-6.42210526315789	34.1805	5.12842105263158	-0.668
seq620	-7.88421052631579	34.414	4.9921052631579	-0.8945
seq621	-6.10631578947368	34.4145	5.05210526315789	-0.875
seq622	-6.62947368421053	34.346	5.19526315789474	-0.0825
seq623	-6.43631578947368	34.4525	5.17263157894737	-0.7345
seq624	-6.32736842105263	34.15	5.17210526315789	-0.241
seq625	-5.93	34.442	4.97631578947368	-1.048
seq626	-6.71578947368421	34.404	5.10421052631579	-0.243
seq627	-6.80263157894737	34.4005	5.14684210526316	-0.32
seq628	-4.95684210526316	34.0395	5.23578947368421	-0.189
seq629	-6.31263157894737	34.367	5.09947368421053	-0.655
seq630	-6.29	34.34	4.92842105263158	-1.1355
seq631	-5.73105263157895	34.279	5.27421052631579	0.235
seq632	-3.67263157894737	33.906	5.15315789473684	-0.735
seq633	-5.28631578947368	34.222	4.87473684210526	-1.3725
seq634	-5.66842105263158	34.179	4.93947368421053	-1.193
seq635	-7.5178947368421	34.386	5.1378947368421	-0.397
seq636	-5.46421052631579	33.9985	5.12315789473684	-0.714
seq637	-5.46368421052632	34.164	5.14526315789474	-0.558
seq638	-6.95526315789474	34.5855	4.97631578947368	-0.829
seq639	-6.66421052631579	34.3695	5.21368421052632	-0.186
seq640	-7.19894736842105	34.4605	5.02789473684211	-0.6265
seq641	-5.81684210526316	34.184	5.15684210526316	-0.374
seq642	-8.26368421052632	34.7835	4.75736842105263	-1.645
seq643	-7.09263157894737	34.373	5.12157894736842	-0.609
seq644	-6.52210526315789	34.1125	5.06842105263158	-1.0755
seq645	-6.11105263157895	34.1075	5.23578947368421	-0.349
seq646	-6.53368421052632	34.2235	5.28894736842105	-0.2155
seq647	-6.53789473684211	34.194	5.20736842105263	-0.278
seq648	-5.76842105263158	34.17	5.06	-0.984
seq649	-5.91	34.2315	5.11	-0.49
seq650	-7.65473684210526	34.8085	4.84052631578947	-1.409
seq651	-7.02789473684211	34.268	5.03315789473684	-0.718
seq652	-6.83894736842105	34.424	4.99684210526316	-1.0975
seq653	-5.23105263157895	34.269	5.03315789473684	-1.407
seq654	-4.78736842105263	33.8895	5.11736842105263	-1.222
seq655	-6.11105263157895	34.1995	5.01842105263158	-1.118
seq656	-5.42105263157895	34.414	5.2021052631579	-0.661
seq657	-7.68947368421053	34.424	5.29578947368421	0.0715
seq658	-5.60157894736842	34.337	5.16631578947368	-0.782
seq659	-4.87736842105263	34.017	5.20578947368421	-0.5465
seq660	-6.48421052631579	34.192	5.15263157894737	-0.748
seq661	-6.09578947368421	34.397	5.09736842105263	-0.7175
seq662	-7.32473684210526	34.462	5.02578947368421	-0.747
seq663	-6.51421052631579	34.4515	4.89263157894737	-1.346
seq664	-6.95052631578947	34.4655	5.01473684210526	-1.0815
seq665	-6.92105263157895	34.4725	5.37842105263158	0.097
seq666	-6.68052631578947	34.357	5.11473684210526	-0.7935
seq667	-7.31315789473684	34.5825	5.01	-1.061
seq668	-4.87263157894737	34.1345	5.04368421052632	-1.312
seq669	-8.01842105263158	34.3315	5.14947368421053	-0.7285
seq670	-7.64789473684211	34.6405	5.04631578947368	-0.919
seq671	-6.16631578947368	34.404	4.92894736842105	-1.2575
seq672	-7.73631578947368	34.4445	5.09157894736842	-0.4875
seq673	-6.30315789473684	34.2535	4.93736842105263	-1.2705
seq674	-6.50631578947368	34.2515	4.86578947368421	-1.731
seq675	-5.24526315789474	34.1685	4.90894736842105	-1.535
seq676	-5.55578947368421	34.3005	4.72631578947368	-2.104
seq677	-4.79947368421053	34.1975	4.91157894736842	-1.614
seq678	-4.99684210526316	34.2295	5.11526315789474	-0.9745
seq679	-6.07631578947368	34.175	4.96473684210526	-1.1695
seq680	-6.18105263157895	34.335	5.00263157894737	-1.303
seq681	-6.96631578947368	34.4035	5.12421052631579	-0.761
seq682	-7.72526315789474	34.411	5.07	-0.614
seq683	-8.13526315789474	34.3285	5.12631578947368	-0.245
seq684	-6.08578947368421	34.1995	5.05421052631579	-0.689
seq685	-6.35052631578947	34.105	5.12789473684211	-0.6155
seq686	-6.32684210526316	34.112	5.25473684210526	-0.194
seq687	-7.91631578947368	34.415	5.07526315789474	-0.5755
seq688	-7.58789473684211	34.4105	5.07894736842105	-0.557
seq689	-6.46210526315789	34.3035	4.95368421052632	-0.9405
seq690	-6.00526315789474	34.23	4.94842105263158	-1.169
seq691	-6.16578947368421	34.427	4.87263157894737	-1.3755
seq692	-5.91	34.0945	5.08947368421053	-0.73
seq693	-6.52842105263158	34.08	5.17842105263158	-0.351
seq694	-6.25421052631579	34.0305	5.06210526315789	-0.665
seq695	-6.99315789473684	34.388	4.95631578947368	-0.967
seq696	-5.84263157894737	33.962	5.25	-0.381
seq697	-5.53684210526316	34.0765	5.02105263157895	-1.0825
seq698	-4.90052631578947	34.0575	4.93578947368421	-1.4825
seq699	-4.07157894736842	34.042	5.03578947368421	-1.0705
seq700	-7.43	34.317	5.17052631578947	-0.185
seq701	-6.64684210526316	34.1685	5.00684210526316	-0.594
seq702	-5.32	33.977	5.23736842105263	-0.1105
seq703	-7.28684210526316	34.2905	5.23473684210526	0.132
seq704	-5.89157894736842	34.0625	5.05526315789474	-0.6815
seq705	-6.19052631578947	34.2225	5.01	-1.1015
seq706	-6.74	34.316	4.84	-1.636
seq707	-5.71631578947368	34.057	4.98842105263158	-1.1135
seq708	-6.18157894736842	34.381	4.86789473684211	-1.2555
seq709	-6.16526315789474	34.144	5.15684210526316	-0.2745
seq710	-6.46105263157895	34.2615	5.10526315789474	-0.1875
seq711	-5.85894736842105	34.201	5.27315789473684	0.1655
seq712	-5.63473684210526	34.139	5.05473684210526	-0.744
seq713	-6.54210526315789	33.996	5.35473684210526	0.268
seq714	-7.31947368421053	34.3715	5.09684210526316	-0.3455
seq715	-6.99736842105263	34.3435	4.98105263157895	-0.903
seq716	-7.40368421052632	34.072	5.44736842105263	0.3725
seq717	-5.8221052631579	34.067	5.06473684210526	-0.976
seq718	-6.30473684210526	34.266	5.05210526315789	-0.6665
seq719	-7.43473684210526	34.1585	5.33	0.2255
seq720	-4.86947368421053	33.8785	4.97473684210526	-1.3285
seq721	-6.19526315789474	34.2485	4.93631578947368	-1.1085
seq722	-4.85894736842105	33.9335	5.00894736842105	-1.257
seq723	-5.56368421052632	34.1045	5.01105263157895	-1.265
seq724	-7.21263157894737	34.4285	4.97578947368421	-0.8615
seq725	-5.96421052631579	34.2265	4.97315789473684	-0.9975
seq726	-6.27631578947368	34.2595	4.92736842105263	-1.455
seq727	-5.44526315789474	33.952	5.11315789473684	-1.0025
seq728	-4.40210526315789	33.787	5.01105263157895	-0.85
seq729	-5.24263157894737	33.9585	4.90947368421053	-1.4715
seq730	-6.15789473684211	34.0175	5.09368421052632	-0.9045
seq731	-6.63947368421053	34.1625	4.92789473684211	-1.0655
seq732	-9.64157894736842	34.7965	4.91842105263158	-1.1865
seq733	-5.36684210526316	33.9965	4.96	-1.4365
seq734	-5.1521052631579	34.048	5.04	-1.0335
seq735	-6.15684210526316	34.2195	5.03105263157895	-1.249
seq736	-5.39105263157895	34.072	5.06157894736842	-0.704
seq737	-6.22736842105263	34.311	5.23368421052632	-0.4895
seq738	-5.95473684210526	34.3845	4.99631578947368	-1.3165
seq739	-5.21684210526316	34.102	5.06210526315789	-1.2315
seq740	-7.90894736842105	34.5445	4.92210526315789	-1.1965
seq741	-6.94894736842105	34.174	5.16315789473684	-0.5565
seq742	-7.40789473684211	34.8	4.67263157894737	-2.084
seq743	-5.22578947368421	34.1655	4.92526315789474	-1.383
seq744	-5.51368421052632	34.1015	5.08894736842105	-0.699
seq745	-6.72421052631579	34.2505	4.97473684210526	-0.9865
seq746	-7.01578947368421	34.4255	5.10947368421053	-0.432
seq747	-5.72526315789474	34.1795	4.97421052631579	-1.182
seq748	-5.87684210526316	34.197	5.13210526315789	-0.6575
seq749	-7.49368421052632	34.3725	5.26736842105263	0.1775
seq750	-4.59157894736842	33.9075	5.11105263157895	-0.755
seq751	-6.02052631578947	34.22	5.06736842105263	-0.789
seq752	-7.16736842105263	34.5705	4.90368421052632	-0.876
seq753	-6.88263157894737	34.124	5.27105263157895	-0.059
seq754	-4.20368421052632	34.0495	5.02736842105263	-1.1545
seq755	-4.97	33.985	5.18631578947368	-0.6325
seq756	-5.65842105263158	34.2395	5.16842105263158	-0.425
seq757	-4.56631578947368	34.1335	5.30210526315789	-0.0635
seq758	-6.77157894736842	34.32	5.17263157894737	-0.3175
seq759	-4.97210526315789	34.076	5.13631578947368	-0.649
seq760	-5.32578947368421	33.9775	5.05263157894737	-0.7945
seq761	-5.20157894736842	33.8845	4.96842105263158	-0.8445
seq762	-6.32157894736842	34.0485	5.27526315789474	0.0855
seq763	-4.99368421052632	34.145	5.0178947368421	-1.0705
seq764	-6.09947368421053	34.191	5.16368421052632	-0.4465
seq765	-7.97947368421053	34.501	5.05105263157895	-0.3155
seq766	-6.51105263157895	34.555	4.90842105263158	-1.2685
seq767	-5.82105263157895	34.1725	5.00526315789474	-1.2575
seq768	-7.09631578947368	34.304	4.94210526315789	-0.807
seq769	-6.40315789473684	33.9945	5.23736842105263	-0.13
seq770	-3.74263157894737	33.8995	5.07736842105263	-0.99
seq771	-6.36	34.118	5.25578947368421	-0.0495000000000001
seq772	-6.16210526315789	34.1365	5.19631578947368	-0.371
seq773	-6.91894736842105	34.09	5.13421052631579	-0.2725
seq774	-5.57105263157895	34.1845	4.93473684210526	-1.14
seq775	-7.17736842105263	34.3955	4.95578947368421	-1.322
seq776	-6.46473684210526	34.2455	5.11	-0.596
seq777	-6.31842105263158	34.1225	5.19578947368421	-0.104
seq778	-5.77157894736842	34.2115	5.12210526315789	-0.6905
seq779	-6.61842105263158	34.3495	5.16578947368421	-0.044
seq780	-4.16578947368421	33.9235	5.15368421052632	-0.831
seq781	-5.08736842105263	34.08	5.05263157894737	-0.9535
seq782	-4.73157894736842	34.1225	5.21947368421053	-0.5135
seq783	-4.92842105263158	34.0555	5.11578947368421	-0.7195
seq784	-6.20789473684211	34.124	5.01263157894737	-1.0085
seq785	-6.58157894736842	34.2515	5.05368421052632	-0.518
seq786	-5.43684210526316	34.0225	5.11894736842105	-0.697
seq787	-6.33736842105263	34.205	5.17947368421053	-0.476
seq788	-4.00631578947368	33.875	5.23263157894737	-0.3435
seq789	-5.19315789473684	34.1315	5.23105263157895	-0.4985
seq790	-6.23	34.2565	5.06263157894737	-0.5055
seq791	-6.1521052631579	34.043	5.28263157894737	0.0445
seq792	-6.20684210526316	34.1405	5.08947368421053	-0.5495
seq793	-3.51526315789474	33.751	5.12894736842105	-1.0155
seq794	-6.87157894736842	34.253	5.19578947368421	-0.5375
seq795	-5.98210526315789	34.0505	4.97368421052632	-1.1865
seq796	-5.44421052631579	34.0445	5.15789473684211	-0.673
seq797	-6.47947368421053	34.305	5.02052631578947	-1.1205
seq798	-5.33894736842105	33.993	4.98052631578947	-1.034
seq799	-5.84157894736842	34.069	5.02736842105263	-0.816
seq800	-5.06	34.139	4.85368421052632	-1.818
seq801	-5.52157894736842	34.1355	5.04210526315789	-0.652
seq802	-6.06894736842105	34.2515	5.23842105263158	0.0175
seq803	-4.67526315789474	33.9415	5.07157894736842	-0.9155
seq804	-5.38210526315789	34.198	5.14210526315789	-0.6295
seq805	-5.58368421052632	34.2045	5.01157894736842	-1.0115
seq806	-4.88736842105263	33.954	5.03526315789474	-0.702
seq807	-6.01	34.1725	5.12421052631579	-0.271
seq808	-4.38421052631579	33.6905	5.21578947368421	-0.4465
seq809	-4.63210526315789	33.912	5.01473684210526	-1.175
seq810	-6.60157894736842	34.292	5.18421052631579	-0.345
seq811	-6.89578947368421	34.298	5.1378947368421	0.0119999999999999
seq812	-5.30736842105263	34.1215	5.08789473684211	-0.5675
seq813	-5.39473684210526	34.0995	5.13	-0.472
seq814	-6.27052631578947	33.9555	5.00894736842105	-1.0575
seq815	-5.73526315789474	33.6515	5.21631578947368	-0.492
seq816	-3.80263157894737	33.8655	5.16315789473684	-0.686
seq817	-4.41052631578947	33.9575	5.10684210526316	-0.887
seq818	-7.73789473684211	34.4875	5.02684210526316	-0.9475
seq819	-5.72	34.004	5.20789473684211	-0.5235
seq820	-6.4421052631579	34.1365	5.26052631578947	0.0245
seq821	-5.62368421052632	34.0525	5.22578947368421	-0.3625
seq822	-5.73578947368421	34.182	5.03947368421053	-1.01
seq823	-7.57947368421053	34.245	5.16263157894737	-0.4585
seq824	-7.34105263157895	34.467	5.04263157894737	-0.8595
seq825	-7.18736842105263	34.264	5.21052631578947	-0.153
seq826	-5.98368421052632	34.143	5.08263157894737	-0.845
seq827	-6.19473684210526	33.793	5.24631578947368	-0.4675
seq828	-5.97894736842105	34.0515	5.19631578947368	-0.487
seq829	-8.57263157894737	34.7065	4.84684210526316	-1.4585
seq830	-6.67736842105263	34.6545	4.93157894736842	-1.0715
seq831	-6.62368421052632	34.4595	4.98736842105263	-1.1875
seq832	-6.26157894736842	34.2885	4.95421052631579	-1.378
seq833	-6.33263157894737	34.37	4.95631578947368	-0.948
seq834	-7.08894736842105	34.3725	5.15947368421053	-0.551
seq835	-6.61368421052632	34.3355	5.15	-0.3465
seq836	-7.70894736842105	34.509	4.98526315789474	-0.8725
seq837	-6.05526315789474	34.1415	5.19578947368421	-0.5735
seq838	-5.55736842105263	34.2245	5.19	-0.6455
seq839	-5.98052631578947	34.3265	5.26368421052632	0.146
seq840	-5.68789473684211	34.1795	5.18157894736842	-0.544
seq841	-6.16631578947368	34.404	4.92894736842105	-1.2575
seq842	-7.38157894736842	34.631	4.91736842105263	-1.1115
seq843	-5.72052631578947	34.314	4.89157894736842	-1.402
seq844	-4.57	34.057	5.2421052631579	-0.391
seq845	-6.09578947368421	34.397	5.09736842105263	-0.7175
seq846	-6.45421052631579	34.2695	5.03578947368421	-0.5895
seq847	-6.38473684210526	34.308	4.97157894736842	-1.161
seq848	-5.98368421052632	34.383	5.19789473684211	-0.304
seq849	-5.70368421052632	34.3525	4.96210526315789	-1.1275
seq850	-6.13947368421053	34.402	4.92736842105263	-1.261
seq851	-5.89473684210526	34.1	5.04631578947368	-1.0705
seq852	-5.43368421052632	34.0625	5.05368421052632	-0.603
seq853	-5.91421052631579	34.194	5.03684210526316	-0.9695
seq854	-5.94631578947368	34.209	5.15684210526316	-0.296
seq855	-8.44368421052632	34.475	5.16157894736842	0.2365
seq856	-5.62842105263158	33.9975	5.06578947368421	-1.069
seq857	-5.77157894736842	34.182	5.22210526315789	-0.3865
seq858	-5.56473684210526	34.249	5.12894736842105	-0.6505
seq859	-4.53947368421053	34.146	5.16368421052632	-0.7865
seq860	-4.90789473684211	34.155	5.27947368421053	-0.2615
seq861	-3.94578947368421	33.9645	5.14315789473684	-0.4865
seq862	-6.21105263157895	34.084	5.20421052631579	-0.5645
seq863	-6.09736842105263	34.358	5.29894736842105	0.1335
seq864	-5.26526315789474	34.26	5.08210526315789	-0.657
seq865	-5.11631578947368	34.075	5.02473684210526	-1.037
seq866	-4.85473684210526	34.132	5.09157894736842	-0.605
seq867	-5.78842105263158	34.2295	5.25315789473684	0.0335
seq868	-4.79263157894737	33.769	5.34684210526316	-0.00899999999999999
seq869	-6.27684210526316	34.3255	5.02263157894737	-1.122
seq870	-6.32263157894737	34.508	4.97421052631579	-1.265
seq871	-5.20789473684211	34.359	4.93105263157895	-1.2915
seq872	-5.85947368421053	34.282	5.11473684210526	-0.3995
seq873	-6.40894736842105	34.258	5.01263157894737	-1.061
seq874	-5.86368421052632	34.229	4.96894736842105	-1.109
seq875	-6.35842105263158	34.32	5.20105263157895	-0.1715
seq876	-5.27736842105263	34.2725	5.04526315789474	-0.913
seq877	-5.39421052631579	34.143	5.07578947368421	-1.2145
seq878	-7.21684210526316	34.3565	5.16947368421053	-0.398
seq879	-7.30578947368421	34.626	4.82105263157895	-1.633
seq880	-5.6521052631579	34.402	5.27052631578947	0.146
seq881	-5.53368421052632	34.0935	5.08526315789474	-0.5555
seq882	-6.87842105263158	34.669	5.00526315789474	-1.0755
seq883	-5.95315789473684	34.041	5.12157894736842	-0.525
seq884	-5.52894736842105	34.0425	5.08210526315789	-0.924
seq885	-5.33315789473684	34.16	5.17684210526316	-0.6075
seq886	-5.08736842105263	34.1415	5.11736842105263	-0.8785
seq887	-4.92736842105263	34.2185	5.16684210526316	-0.639
seq888	-6.91105263157895	34.4795	4.99894736842105	-0.9065
seq889	-3.98315789473684	34.066	4.98368421052632	-1.268
seq890	-5.17105263157895	33.98	5.04421052631579	-0.883
seq891	-6.99578947368421	34.2585	5.11526315789474	-0.4295
seq892	-5.49368421052632	34.119	5.20263157894737	-0.6335
seq893	-5.0078947368421	34.157	4.88473684210526	-1.422
seq894	-5.43263157894737	34.1015	4.97263157894737	-0.9195
seq895	-5.72421052631579	34.1515	4.93105263157895	-1.368
seq896	-6.85473684210526	34.3155	4.88210526315789	-1.45
seq897	-5.49	34.0575	4.98473684210526	-1.089
seq898	-5.0721052631579	33.779	5.17210526315789	-0.724
seq899	-4.85894736842105	34.107	5.00578947368421	-1.004
seq900	-3.65842105263158	33.9725	5.03526315789474	-1.137
seq901	-4.85894736842105	34.1435	5.18631578947368	-0.525
seq902	-5.19473684210526	34.135	5.15578947368421	-0.32
seq903	-7.52	34.475	5.01789473684211	-0.746
seq904	-6.64157894736842	34.54	5.21	-0.1325
seq905	-4.7721052631579	34.109	5.15263157894737	-0.6985
seq906	-5.78315789473684	34.2995	4.96684210526316	-1.3295
seq907	-6.28263157894737	34.5215	4.98526315789474	-0.874
seq908	-4.52157894736842	34.0245	4.92736842105263	-1.635
seq909	-6.38157894736842	34.063	5.18684210526316	-0.48
seq910	-7.34947368421053	34.486	5.09631578947368	-0.427
seq911	-8.02263157894737	34.509	5.26421052631579	-0.0375
seq912	-4.93473684210526	34.1105	5.18105263157895	-0.5305
seq913	-5.76052631578947	34.174	5.24789473684211	-0.2085
seq914	-6.09473684210526	34.197	5.11052631578947	-0.627
seq915	-5.44684210526316	34.266	5.01421052631579	-1.327
seq916	-6.71105263157895	34.34	5.0721052631579	-1.038
seq917	-4.54526315789474	34.113	5.32631578947368	-0.052
seq918	-6.32473684210526	34.2545	5.17	-0.363
seq919	-6.10947368421053	34.233	5.27	0.1015
seq920	-7.53315789473684	34.3155	5.19736842105263	-0.185
seq921	-7.54052631578947	34.3095	5.10263157894737	-0.4715
seq922	-6.42368421052632	34.149	5.22368421052632	-0.5825
seq923	-6.73736842105263	34.432	4.98210526315789	-1.125
seq924	-8.91315789473684	34.674	5.14894736842105	-0.4635
seq925	-6.57631578947368	34.3465	5.09578947368421	-0.952
seq926	-5.47842105263158	33.946	5.09842105263158	-0.9235
seq927	-5.3478947368421	34.0635	5.08736842105263	-0.718
seq928	-5.41368421052632	33.926	5.05263157894737	-1.199
seq929	-6.27684210526316	34.4775	4.90368421052632	-1.4375
seq930	-6.86684210526316	34.5305	5.09473684210526	-0.5815
seq931	-6.33526315789474	34.284	5.29421052631579	-0.2795
seq932	-6.82526315789474	34.294	5.17157894736842	-0.3135
seq933	-4.40105263157895	33.9535	4.95263157894737	-1.5825
seq934	-7.15684210526316	34.322	5.24894736842105	-0.113
seq935	-8.29736842105263	34.4615	5.15473684210526	-0.543
seq936	-6.22578947368421	34.384	4.95894736842105	-1.134
seq937	-8.21210526315789	34.8275	4.80473684210526	-1.3585
seq938	-5.64421052631579	34.055	5.23947368421053	-0.519
seq939	-5.16157894736842	34.189	5.20526315789474	-0.4895
seq940	-5.33894736842105	34.1705	5.23157894736842	-0.5275
seq941	-4.5478947368421	34.1145	5.05526315789474	-1.1475
seq942	-5.66263157894737	34.2975	4.93315789473684	-1.242
seq943	-4.42105263157895	33.9855	5.09473684210526	-0.864
seq944	-8.07052631578947	34.3585	5.28526315789474	-0.068
seq945	-4.48157894736842	34.009	5.10947368421053	-0.8475
seq946	-7.91578947368421	34.5295	5.10684210526316	-0.6595
seq947	-7.24105263157895	34.271	5.21526315789474	-0.1865
seq948	-5.74894736842105	34.369	5.29947368421053	-0.00349999999999999
seq949	-6.30157894736842	34.259	5.01631578947368	-1.17
seq950	-6.40631578947368	34.2575	5.21894736842105	-0.294
seq951	-7.81947368421053	34.461	5.12736842105263	-0.452
seq952	-7.78631578947368	34.605	5.23210526315789	-0.156
seq953	-6.73578947368421	34.0895	5.31684210526316	-0.15
seq954	-4.96263157894737	34.0075	5.10736842105263	-0.801
seq955	-6.76052631578947	34.4085	5.2421052631579	-0.0775
seq956	-6.68421052631579	34.36	4.98210526315789	-0.707
seq957	-8.15210526315789	34.5535	4.99473684210526	-0.4425
seq958	-9.45789473684211	34.5755	5.23947368421053	0.4375
seq959	-7.69368421052632	34.191	5.25421052631579	0.145
seq960	-5.89421052631579	34.3355	5.09947368421053	-0.6125
seq961	-6.06263157894737	34.095	5.26526315789474	0.4355
seq962	-6.32157894736842	34.1775	5.12052631578947	-0.3535
seq963	-6.33631578947368	34.283	5.03736842105263	-0.536
seq964	-7.26315789473684	34.3435	5.19736842105263	-0.136
seq965	-5.43	34.0575	5.09947368421053	-0.7195
seq966	-5.76947368421053	34.0865	4.97052631578947	-0.9555
seq967	-4.97947368421053	34.0605	4.95947368421053	-1.346
seq968	-6.45263157894737	34.0145	5.19473684210526	-0.1315
seq969	-7.17736842105263	34.4865	5.02105263157895	-0.712
seq970	-5.50105263157895	34.26	5.08947368421053	-0.8475
seq971	-6.75473684210526	34.2665	5.10947368421053	-0.7115
seq972	-6.36894736842105	34.17	5.14526315789474	-0.705
seq973	-4.22684210526316	33.965	5.01736842105263	-1.3365
seq974	-6.57684210526316	34.449	5.13052631578947	-0.4775
seq975	-7.45684210526316	34.364	5.26526315789474	0.193
seq976	-7.01736842105263	34.4395	4.97947368421053	-1.164
seq977	-6.11684210526316	34.405	4.88210526315789	-1.315
seq978	-5.10421052631579	33.9805	5.09684210526316	-0.9935
seq979	-5.55789473684211	34.124	5.12842105263158	-0.5125
seq980	-7.54421052631579	34.453	4.97210526315789	-0.856
seq981	-7.52631578947368	34.3345	5.10789473684211	-0.044
seq982	-7.04315789473684	34.2435	5.27736842105263	-0.0585
seq983	-7.18947368421053	34.242	5.18631578947368	-0.0945
seq984	-4.86842105263158	34.003	5.14736842105263	-0.535
seq985	-6.58894736842105	34.4585	5.28526315789474	0.2405
seq986	-5.23789473684211	33.967	5.13157894736842	-0.394
seq987	-6.43473684210526	34.3415	5.11473684210526	-0.179
seq988	-5.08526315789474	34.1885	5.28684210526316	-0.0245
seq989	-6.62421052631579	34.3375	5.20315789473684	-0.215
seq990	-7.87105263157895	34.465	5.05105263157895	-0.4715
seq991	-7.04842105263158	34.356	5.05526315789474	-0.73
seq992	-5.93684210526316	34.2865	4.97578947368421	-1.0405
seq993	-6.02368421052632	34.299	4.98684210526316	-1.1345
seq994	-6.19263157894737	34.232	5.16473684210526	-0.5975
seq995	-5.35315789473684	34.154	5.08368421052632	-0.946
seq996	-4.25315789473684	34.136	5.06894736842105	-0.9955
seq997	-7.61052631578947	34.456	5.12842105263158	-0.0875
seq998	-7.56	34.59	5.11842105263158	-0.4775
seq999	-6.04526315789474	34.402	4.89263157894737	-1.4615
seq1000	-6.4021052631579	34.128	5.14789473684211	-0.5315
seq1001	-6.56789473684211	34.3605	5.02526315789474	-0.9445
seq1002	-7.01210526315789	34.2415	5.10894736842105	-0.6125
seq1003	-6.13894736842105	34.3155	5.02052631578947	-0.9565
seq1004	-5.12	34.0975	5.14473684210526	-0.717
seq1005	-4.71473684210526	34.0535	5.18526315789474	-0.4525
seq1006	-5.50894736842105	34.2935	5.15578947368421	-0.671
seq1007	-4.66	34.1225	5.13263157894737	-0.406
seq1008	-7.39263157894737	34.6265	4.97631578947368	-0.702
seq1009	-6.34052631578947	34.2685	5.0978947368421	-0.6865
seq1010	-5.16210526315789	34.032	4.94315789473684	-1.3765
seq1011	-5.22105263157895	34.0965	5.07842105263158	-0.813
seq1012	-6.02210526315789	34.612	4.80263157894737	-1.5115
seq1013	-4.77157894736842	34.068	5.21263157894737	-0.3085
seq1014	-6.47631578947368	34.247	5.22	-0.0344999999999999
seq1015	-5.51421052631579	34.0835	5.32736842105263	-0.0114999999999999
seq1016	-6.72368421052632	34.288	5.29105263157895	0.128
seq1017	-7.36421052631579	34.4225	5.21	-0.2425
seq1018	-6.82526315789474	34.469	5.14157894736842	-0.4045
seq1019	-5.77631578947368	34.2535	5.00578947368421	-1.057
seq1020	-5.95157894736842	34.1635	5.30210526315789	0.0165
seq1021	-6.20631578947368	34.1495	5.28	-0.2385
seq1022	-6.63368421052632	34.419	5.02842105263158	-1.1925
seq1023	-4.93315789473684	34.026	5.21631578947368	-0.6265
seq1024	-5.22473684210526	34.258	5.00052631578947	-1.3925
seq1025	-5.53105263157895	34.185	5.07315789473684	-0.926
seq1026	-5.90842105263158	34.122	5.09315789473684	-0.9475
seq1027	-5.5321052631579	34.133	5.24789473684211	-0.556
seq1028	-6.72210526315789	34.48	5.05315789473684	-0.669
seq1029	-7.27473684210526	34.6365	4.93052631578947	-1.2615
seq1030	-8.21105263157895	34.704	5.17631578947368	-0.522
seq1031	-4.99947368421053	33.8555	5.17473684210526	-0.501
seq1032	-6.39789473684211	34.3185	5.26263157894737	-0.1355
seq1033	-6.57631578947368	34.532	5.04736842105263	-0.9655
seq1034	-6.18263157894737	34.148	5.19315789473684	-0.757
seq1035	-6.42421052631579	34.463	4.82368421052632	-1.549
seq1036	-6.94105263157895	34.431	5.09473684210526	-0.923
seq1037	-8.21315789473684	34.651	5.07052631578947	-0.4875
seq1038	-6.80210526315789	34.1665	5.02684210526316	-0.7335
seq1039	-5.68263157894737	34.26	5.06315789473684	-1.1155
seq1040	-6.19473684210526	33.975	5.23526315789474	-0.328
seq1041	-6.82736842105263	34.3105	4.98789473684211	-0.854
seq1042	-5.55789473684211	34.0275	5.16526315789474	-0.5625
seq1043	-6.25	34.4085	4.97	-1.011
seq1044	-6.20578947368421	34.214	5.09894736842105	-0.6865
seq1045	-7.59789473684211	34.544	4.87263157894737	-1.562
seq1046	-6.22736842105263	34.147	5.03842105263158	-0.9755
seq1047	-5.22210526315789	33.9855	4.97315789473684	-1.3665
seq1048	-6.24052631578947	34.206	5.13631578947368	-0.459
seq1049	-6.28315789473684	34.2795	4.97368421052632	-1.324
seq1050	-5.78789473684211	34.289	4.92947368421053	-1.481
seq1051	-6.78578947368421	34.308	4.94	-1.1355
seq1052	-6.61631578947368	34.227	5.13684210526316	-0.527
seq1053	-5.79	34.0375	5.03263157894737	-1.055
seq1054	-6.87631578947368	34.29	5.08421052631579	-0.6305
seq1055	-6.81894736842105	34.3025	5.02052631578947	-0.6445
seq1056	-5.37947368421053	34.165	5.21947368421053	-0.256
seq1057	-6.90684210526316	34.423	4.96105263157895	-0.826
seq1058	-7.71263157894737	34.372	5.09	-0.5995
seq1059	-6.22157894736842	34.146	5.0721052631579	-0.509
seq1060	-7.69947368421053	34.5675	4.98947368421053	-0.7475
seq1061	-6.05578947368421	33.976	5.20421052631579	-0.0445
seq1062	-5.01473684210526	34.1905	4.87473684210526	-1.484
seq1063	-5.58421052631579	34.1485	5.20368421052632	-0.3715
seq1064	-6.52315789473684	34.2745	4.97157894736842	-0.8215
seq1065	-6.02368421052632	34.081	5.03526315789474	-0.693
seq1066	-5.89526315789474	34.2955	5.20052631578947	0.034
seq1067	-4.07894736842105	33.8065	4.87	-1.5895
seq1068	-6.04578947368421	34.0095	5.20052631578947	-0.274
seq1069	-4.84421052631579	34.166	4.99736842105263	-1.2
seq1070	-4.39210526315789	33.847	4.97631578947368	-1.021
seq1071	-5.73	34.0085	4.96526315789474	-1.1815
seq1072	-5.69947368421053	33.991	5.14263157894737	-0.553
seq1073	-6.66263157894737	34.246	4.97947368421053	-0.9795
seq1074	-5.75578947368421	33.9955	5.09684210526316	-0.64
seq1075	-6.92368421052632	34.2115	5.08210526315789	-0.489
seq1076	-6.49526315789474	34.215	4.96105263157895	-0.9835
seq1077	-5.36315789473684	34.1975	5.11368421052632	-0.2575
seq1078	-6.54421052631579	34.2775	5.12368421052632	-0.709
seq1079	-4.11368421052632	33.775	4.98947368421053	-1.3735
seq1080	-5.62736842105263	34.213	5.17631578947368	-0.242
seq1081	-7.13105263157895	34.214	5.08421052631579	-0.5505
seq1082	-5.17736842105263	34.086	4.9521052631579	-1.23
seq1083	-5.13526315789474	34.0065	5.09684210526316	-0.633
seq1084	-5.95947368421053	34.298	4.97789473684211	-1.032
seq1085	-4.86421052631579	33.849	5.00368421052632	-1.2735
seq1086	-5.47894736842105	34.016	5.14894736842105	-0.8535
seq1087	-5.92105263157895	34.2575	5.00526315789474	-0.9915
seq1088	-6.89315789473684	34.455	4.9921052631579	-1.12
seq1089	-4.98789473684211	34.084	5.23	-0.379
seq1090	-6.59	34.357	5.15105263157895	-0.1715
seq1091	-5.49789473684211	34.0505	5.04631578947368	-1.035
seq1092	-7.46315789473684	34.144	5.30105263157895	0.1
seq1093	-7.4921052631579	34.3685	5.16789473684211	-0.2905
seq1094	-6.43263157894737	33.951	5.14263157894737	-0.734
seq1095	-5.73473684210526	34.1415	5.30578947368421	-0.1215
seq1096	-5.00473684210526	34.0325	4.99105263157895	-1.3255
seq1097	-5.67578947368421	34.084	4.97052631578947	-1.2965
seq1098	-6.85052631578947	34.1035	5.12315789473684	-0.744
seq1099	-6.88947368421053	34.3505	4.94105263157895	-1.1115
seq1100	-5.23894736842105	33.8775	5.12210526315789	-0.5925
seq1101	-6.33315789473684	34.3085	5.11105263157895	-0.576
seq1102	-5.65526315789474	34.036	5.15526315789474	-0.263
seq1103	-7.44894736842105	34.442	5.12842105263158	-0.3615
seq1104	-8.97368421052632	34.6675	5.11789473684211	-0.2105
seq1105	-4.90526315789474	33.9825	4.96947368421053	-1.2
seq1106	-7.02736842105263	34.346	5.11789473684211	-0.2915
seq1107	-7.56684210526316	34.3815	4.9678947368421	-0.6335
seq1108	-6.99578947368421	34.1535	5.25368421052632	0.01
seq1109	-6.31157894736842	34.267	5.22210526315789	-0.204
seq1110	-4.06736842105263	34.0085	4.98684210526316	-0.908
seq1111	-6.64894736842105	34.4865	5.24157894736842	0.1935
seq1112	-6.40842105263158	34.4305	4.92684210526316	-1.1725
seq1113	-5.78052631578947	34.0765	5.06473684210526	-0.531
seq1114	-5.32263157894737	33.954	5.20421052631579	-0.3765
seq1115	-5.92210526315789	34.263	4.90315789473684	-1.282
seq1116	-6.80947368421053	34.1875	5.2578947368421	0.206
seq1117	-7.36684210526316	34.4895	5.11421052631579	-0.165
seq1118	-5.76210526315789	34.1615	4.95368421052632	-1.1335
seq1119	-8.26315789473684	34.328	5.29	0.2075
seq1120	-5.12894736842105	34.155	5.38684210526316	0.4825
seq1121	-6.5	34.1655	5.21210526315789	0.057
seq1122	-7.14315789473684	34.231	5.12368421052632	-0.031
seq1123	-7.02473684210526	34.1525	5.23052631578947	-0.000499999999999964
seq1124	-5.59842105263158	33.947	5.2	-0.4165
seq1125	-7.35105263157895	34.1855	5.20789473684211	-0.2445
seq1126	-8.35736842105263	34.4785	5.14736842105263	-0.2525
seq1127	-7.23210526315789	34.2495	5.16842105263158	-0.6755
seq1128	-4.77315789473684	33.9125	5.18842105263158	-0.332
seq1129	-6.19736842105263	34.036	5.22736842105263	-0.2385
seq1130	-5.29526315789474	34.185	4.95	-1.3085
seq1131	-5.39736842105263	33.813	5.10631578947368	-0.9595
seq1132	-7.96368421052632	34.44	5.01894736842105	-1.0225
seq1133	-8.99894736842105	34.8805	4.81473684210526	-1.2555
seq1134	-6.33052631578947	34.196	5.06473684210526	-0.8535
seq1135	-5.22842105263158	33.8885	5.10631578947368	-0.8
seq1136	-6.47789473684211	34.0815	5.11894736842105	-0.4595
seq1137	-5.74789473684211	34.192	5.14368421052632	-0.587
seq1138	-7.07368421052632	34.264	5.19736842105263	-0.306
seq1139	-8.14736842105263	34.5875	4.94789473684211	-0.9555
seq1140	-8.14947368421053	34.328	5.20526315789474	-0.356
seq1141	-7.10789473684211	34.1935	4.99684210526316	-1.0635
seq1142	-6.22631578947368	34.009	5.12736842105263	-0.6455
seq1143	-6.72578947368421	34.366	5.26789473684211	-0.00399999999999992
seq1144	-4.21684210526316	33.9315	5.10263157894737	-0.8
seq1145	-7.7578947368421	34.3715	5.24736842105263	0.1115
seq1146	-7.03157894736842	34.401	4.96368421052632	-0.909
seq1147	-6.92105263157895	34.491	4.88947368421053	-1.3105
seq1148	-8.08631578947368	34.5225	5.09052631578947	-0.416
seq1149	-7.26578947368421	34.416	4.96315789473684	-1.171
seq1150	-6.99789473684211	34.544	5.05526315789474	-0.8265
seq1151	-5.03105263157895	33.9965	5.03368421052632	-1.0625
seq1152	-6.5721052631579	34.0925	5.21684210526316	-0.4355
seq1153	-7.59526315789474	34.4185	5.09157894736842	-0.7755
seq1154	-9.50157894736842	34.8075	5.09526315789474	-0.2695
seq1155	-6.35947368421053	34.154	5.32105263157895	-0.245
seq1156	-7.24473684210526	34.374	4.96052631578947	-1.35
seq1157	-6.33526315789474	34.141	5.08947368421053	-0.7685
seq1158	-5.37842105263158	33.969	5.19368421052632	-0.633
seq1159	-4.43736842105263	34.003	5.13947368421053	-0.647
seq1160	-7.33315789473684	34.33	5.06052631578947	-0.969
seq1161	-6.94842105263158	34.514	5.05736842105263	-0.7665
seq1162	-6.39578947368421	34.4325	5.13631578947368	-0.462
seq1163	-6.56105263157895	34.1785	5.37684210526316	0.428
seq1164	-5.93263157894737	34.146	5.11263157894737	-0.585
seq1165	-6.51526315789474	34.37	5.15684210526316	-0.5945
seq1166	-5.09947368421053	34.129	5.16052631578947	-0.347
seq1167	-5.48315789473684	34.229	5.13263157894737	-0.663
seq1168	-3.71789473684211	33.9095	5.12631578947368	-0.974
seq1169	-5.03789473684211	34.2095	5.12210526315789	-0.8965
seq1170	-4.89105263157895	34.129	5.12526315789474	-0.718
seq1171	-5.75315789473684	33.8725	5.29105263157895	-0.443
seq1172	-6.91842105263158	34.442	5.15105263157895	-0.2105
seq1173	-6.76473684210526	34.4015	5.02789473684211	-0.6925
seq1174	-5.26894736842105	34.2185	5.12631578947368	-0.72
seq1175	-7.33421052631579	34.5525	4.89368421052632	-1.0475
seq1176	-5.36052631578947	34.1845	5.16894736842105	-0.6335
seq1177	-6.48736842105263	34.3235	5.08368421052632	-0.9255
seq1178	-6.89368421052632	34.494	4.96105263157895	-1.0395
seq1179	-5.49157894736842	34.1635	5.14315789473684	-0.879
seq1180	-4.04368421052632	34.0355	5.01473684210526	-0.921
seq1181	-3.98894736842105	34.067	5.13263157894737	-0.4835
seq1182	-4.81894736842105	33.9545	5.20263157894737	-0.671
seq1183	-6.33473684210526	34.174	5.17526315789474	-0.507
seq1184	-6.21684210526316	34.2085	5.17526315789474	-0.213
seq1185	-5.65473684210526	34.013	5.09	-0.881
seq1186	-3.66	34.0535	5.19105263157895	-0.6365
seq1187	-6.2421052631579	34.668	4.80842105263158	-1.5995
seq1188	-4.80263157894737	34.0895	5.17526315789474	-0.486
seq1189	-4.58263157894737	33.945	5.06631578947368	-1.2185
seq1190	-6.12789473684211	34.444	4.92210526315789	-1.2995
seq1191	-6.74421052631579	34.3205	5.02	-1.0585
seq1192	-8.12210526315789	34.476	5.15631578947368	-0.507
seq1193	-4.60526315789474	34.1745	5.11105263157895	-0.5655
seq1194	-5.47526315789474	34.0595	5.25631578947368	-0.4095
seq1195	-6.04473684210526	34.227	5	-1.124
seq1196	-7.22263157894737	34.433	4.98368421052632	-0.9335
seq1197	-7.78473684210526	34.309	5.17842105263158	-0.468
seq1198	-7.43947368421053	34.3535	5.13631578947368	-0.4265
seq1199	-6.60894736842105	34.3935	5.27842105263158	-0.244
seq1200	-7.01526315789474	34.4545	5.02105263157895	-1.136
seq1201	-5.36736842105263	34.1535	4.99526315789474	-1.0865
seq1202	-6.92684210526316	34.3715	5.01263157894737	-1.1305
seq1203	-6.16052631578947	34.397	4.86947368421053	-1.319
seq1204	-6.52105263157895	34.364	5.11157894736842	-0.5075
seq1205	-6.23842105263158	34.2935	5.12842105263158	-0.4575
seq1206	-7.19315789473684	34.5755	4.95315789473684	-1.4155
seq1207	-6.47842105263158	34.17	5.18315789473684	-0.5465
seq1208	-5.25842105263158	33.972	5.24789473684211	-0.493
seq1209	-7.74894736842105	34.5905	4.96210526315789	-1.094
seq1210	-3.67052631578947	33.8575	5.10473684210526	-0.942
seq1211	-5.63526315789474	34.2465	5.22684210526316	-0.265
seq1212	-7.32421052631579	34.324	5.07947368421053	-0.9235
seq1213	-6.49315789473684	34.308	5.13157894736842	-0.691
seq1214	-5.21526315789474	33.985	4.97631578947368	-1.52
seq1215	-7.46684210526316	34.6485	4.95736842105263	-1.2275
seq1216	-5.83210526315789	34.2055	5.20894736842105	-0.7005
seq1217	-6.32842105263158	34.411	5.02210526315789	-0.65
seq1218	-7.11526315789474	34.2535	5.27263157894737	-0.046
seq1219	-7.60210526315789	34.294	5.08526315789474	-0.3245
seq1220	-4.67578947368421	34.0835	5.03526315789474	-1.11
seq1221	-7.31947368421053	34.567	5.01842105263158	-0.7315
seq1222	-5.77947368421053	34.203	5.21157894736842	-0.127
seq1223	-5.83157894736842	34.191	5.14473684210526	-0.398
seq1224	-5.80789473684211	33.974	5.25736842105263	-0.383
seq1225	-5.43842105263158	34.226	5.01	-0.979
seq1226	-6.02315789473684	34.194	5.02105263157895	-0.958
seq1227	-5.67	34.357	5.21421052631579	-0.1245
seq1228	-6.95631578947368	34.374	5.23947368421053	-0.136
seq1229	-6.21894736842105	34.057	5.17105263157895	-0.43
seq1230	-6.13789473684211	34.1455	5.22578947368421	-0.2945
seq1231	-6.00105263157895	34.36	4.84736842105263	-1.4685
seq1232	-6.48157894736842	34.12	5.16631578947368	-0.5065
seq1233	-6.49105263157895	34.193	5.19736842105263	-0.298
seq1234	-5.88684210526316	34.0815	5.1778947368421	-0.1725
seq1235	-5.83789473684211	34.155	5.08631578947368	-0.847
seq1236	-5.32052631578947	34.3225	5.19210526315789	-0.405
seq1237	-6.11263157894737	34.4475	5.00368421052632	-0.9175
seq1238	-6.39105263157895	34.361	5.06315789473684	-0.6185
seq1239	-7.49263157894737	34.632	4.97526315789474	-0.677
seq1240	-6.57894736842105	34.338	5.27631578947368	-0.125
seq1241	-7.37368421052632	34.2665	5.26526315789474	0.1035
seq1242	-9.29105263157895	34.634	5.26842105263158	0.4
seq1243	-7.28684210526316	34.4515	5.21263157894737	-0.1135
seq1244	-8.0478947368421	34.532	5.10578947368421	-0.637
seq1245	-7.66789473684211	34.928	4.92368421052632	-1.5465
seq1246	-5.63684210526316	34.2645	5.07052631578947	-0.943
seq1247	-6.27421052631579	34.4495	4.82894736842105	-1.5015
seq1248	-5.00631578947368	34.118	5.30947368421053	-0.3515
seq1249	-5.54631578947368	34.2895	5.09947368421053	-0.7605
seq1250	-6.17842105263158	34.7185	4.99263157894737	-1.183
seq1251	-6.55684210526316	34.451	5.16894736842105	-0.271
