Sequence	Average_ProT	Average_HelT	Average_MGW	Average_Roll
seq1	-7.94421052631579	34.212	5.30421052631579	-0.0955
seq2	-6.79684210526316	34.1875	5.14263157894737	-0.6955
seq3	-6.70526315789474	34.256	5.05421052631579	-0.813
seq4	-5.55684210526316	34.21	4.99105263157895	-1.467
seq5	-5.77052631578947	34.1265	5.11578947368421	-0.718
seq6	-8.27473684210526	34.8065	4.76789473684211	-1.58
seq7	-7.01052631578947	34.157	5.09684210526316	-0.755
seq8	-6.07157894736842	34.085	5.27578947368421	-0.1535
seq9	-5.95105263157895	34.181	5.13263157894737	-0.713
seq10	-7.89105263157895	34.426	5.23947368421053	0.0375
seq11	-6.61368421052632	34.181	5.17894736842105	-0.4315
seq12	-6.73473684210526	34.3895	5.00526315789474	-0.974
seq13	-6.55947368421053	34.06	5.15315789473684	-0.638
seq14	-6.29052631578947	34.398	4.92684210526316	-1.6515
seq15	-5.53947368421053	33.9455	5.14052631578947	-0.7175
seq16	-5.59631578947368	34.441	5.12578947368421	-0.6585
seq17	-6.39421052631579	34.152	5.08473684210526	-0.997
seq18	-7.42368421052632	34.4625	5.08368421052632	-0.8445
seq19	-4.66052631578947	34.0305	5.13210526315789	-0.9055
seq20	-6.67263157894737	34.2775	4.99315789473684	-1.17
seq21	-7.50157894736842	34.457	5.29157894736842	0.108
seq22	-7.91263157894737	34.678	4.88368421052632	-1.5235
seq23	-5.57526315789474	34.1685	5.19368421052632	-0.6395
seq24	-7.75473684210526	34.7485	4.71947368421053	-1.669
seq25	-5.60578947368421	34.059	5.20947368421053	-0.32
seq26	-5.15263157894737	34.0845	5.22526315789474	-0.5535
seq27	-6.32789473684211	34.24	5.13736842105263	-0.5655
seq28	-7.88684210526316	34.4765	5.22631578947368	0.102
seq29	-6.49	34.2205	5.17157894736842	-0.641
seq30	-7.55947368421053	34.1885	5.12263157894737	-0.3355
seq31	-4.56789473684211	34.01	5.00947368421053	-1.478
seq32	-6.69	34.223	5.16473684210526	-0.3195
seq33	-5.57631578947368	34.178	4.98894736842105	-1.1785
seq34	-5.81947368421053	34.2845	4.95473684210526	-1.2475
seq35	-6.05789473684211	34.166	5.19473684210526	-0.3425
seq36	-5.23421052631579	34.1125	5.22052631578947	-0.2585
seq37	-5.5321052631579	34.157	4.98473684210526	-1.0705
seq38	-5.42105263157895	34.1415	5.12526315789474	-0.4555
seq39	-6.07526315789474	34.3245	5.09421052631579	-0.859
seq40	-4.7578947368421	34.0245	4.96157894736842	-1.493
seq41	-5.87473684210526	33.965	5.09263157894737	-0.92
seq42	-5.93263157894737	34.0535	5.09263157894737	-0.925
seq43	-6.27578947368421	34.2995	4.87315789473684	-1.435
seq44	-5.64842105263158	34.232	5.16578947368421	-0.652
seq45	-6.86315789473684	34.585	4.92947368421053	-1.3205
seq46	-6.42368421052632	34.31	5.15052631578947	-0.78
seq47	-7.55368421052632	34.638	4.98105263157895	-0.7595
seq48	-5.71947368421053	34.244	5.11421052631579	-0.867
seq49	-6.91052631578947	33.9415	5.28421052631579	-0.257
seq50	-7.18	33.933	5.22684210526316	-0.4825
seq51	-8.96894736842105	34.8025	4.94631578947368	-1.0135
seq52	-5.74789473684211	34.2175	5.09894736842105	-0.8165
seq53	-6.27578947368421	34.1335	5.10210526315789	-1.0195
seq54	-5.51631578947368	34.053	5.00736842105263	-1.052
seq55	-5.93105263157895	34.0025	5.18210526315789	-0.667
seq56	-6.60315789473684	34.3615	4.91842105263158	-1.0665
seq57	-5.91210526315789	34.132	4.93473684210526	-1.394
seq58	-5.51842105263158	34.1255	4.93789473684211	-1.172
seq59	-7.51315789473684	34.2515	5.25210526315789	-0.2635
seq60	-7.12368421052632	34.2645	5.14052631578947	-0.19
seq61	-4.18526315789474	34.031	5.17421052631579	-0.752
seq62	-9.04631578947368	34.812	4.97526315789474	-0.767
seq63	-5.16631578947368	34.0555	4.91736842105263	-1.5905
seq64	-6.43526315789474	34.2225	5.14684210526316	-0.354
seq65	-5.27842105263158	34.1275	5.13105263157895	-0.784
seq66	-5.70473684210526	34.1725	5.07105263157895	-0.699
seq67	-7.14947368421053	34.5785	4.78578947368421	-1.9675
seq68	-6.83736842105263	34.2545	5.15263157894737	-0.505
seq69	-5.41842105263158	34.2155	5.00578947368421	-1.236
seq70	-7.51947368421053	34.5035	4.97052631578947	-0.747
seq71	-6.1778947368421	33.979	5.19157894736842	-0.6335
seq72	-5.51105263157895	34.1455	4.94526315789474	-1.4305
seq73	-6.45789473684211	34.333	5.13894736842105	-0.5675
seq74	-7.99526315789474	34.828	4.77736842105263	-1.6475
seq75	-4.71052631578947	33.917	5.14578947368421	-1.0175
seq76	-6.88736842105263	34.4215	5.01842105263158	-0.718
seq77	-4.80368421052632	34.001	5.03631578947368	-1.029
seq78	-6.63947368421053	34.18	5.3	0.033
seq79	-6.77842105263158	34.2425	5.05421052631579	-0.633
seq80	-7.95578947368421	34.7465	4.96368421052632	-0.9595
seq81	-6.18684210526316	34.2545	4.94421052631579	-1.1025
seq82	-6.03894736842105	34.158	5.15368421052632	-0.4955
seq83	-4.16631578947368	33.9575	5.10842105263158	-0.8565
seq84	-5.5	34.2565	4.83315789473684	-1.749
seq85	-6.28263157894737	33.974	5.12736842105263	-1.0055
seq86	-6.38210526315789	34.0775	5.07947368421053	-0.755
seq87	-7.09631578947368	34.6285	5.13947368421053	-0.4605
seq88	-5.14105263157895	33.9755	5.10315789473684	-0.9425
seq89	-4.85	33.959	5.05789473684211	-1.092
seq90	-6.03736842105263	33.992	5.02157894736842	-1.195
seq91	-5.84105263157895	34.0675	5.29157894736842	-0.059
seq92	-4.84736842105263	33.978	5.10684210526316	-0.775
seq93	-5.78473684210526	34.047	5.03	-1.051
seq94	-6.91157894736842	34.2775	5.16315789473684	-0.426
seq95	-7.61789473684211	34.7925	4.72	-1.7325
seq96	-6.28473684210526	34.33	4.98578947368421	-1.1765
seq97	-7.3621052631579	34.593	4.93894736842105	-1.4945
seq98	-8.73842105263158	34.742	5.05263157894737	-0.4785
seq99	-8.06578947368421	34.586	5.12526315789474	-0.7415
seq100	-6.14736842105263	34.22	5.13789473684211	-0.6305
seq101	-7.09157894736842	34.4875	4.94842105263158	-0.967
seq102	-7.71210526315789	34.358	5.06684210526316	-0.693
